# Training_Loss,Validation_Loss
4.335313668617835625e-01 3.605634059224809840e-01
3.278678770248706353e-01 3.011327173028673365e-01
2.979208540457945475e-01 2.890329531260898976e-01
2.897128543028464898e-01 2.827626509325845139e-01
2.849600853828283542e-01 2.800254012857164576e-01
2.825032736246402276e-01 2.776104254381997483e-01
2.828199851971406331e-01 2.771282281194414332e-01
2.796034858776972887e-01 2.773841534342084691e-01
2.794811840240771783e-01 2.754575950758798020e-01
2.792219760326238864e-01 2.747481848512376978e-01
2.784330890728877184e-01 2.751327369894300268e-01
2.784095624318489448e-01 2.739364334515163035e-01
2.781755133317067030e-01 2.746042140892573924e-01
2.773594122666578898e-01 2.735693497317178147e-01
2.768281640914770358e-01 2.742835155555179982e-01
2.770978905833684225e-01 2.736316280705587967e-01
2.774114660345591288e-01 2.748298687594277756e-01
2.772515060809942478e-01 2.749589809349605174e-01
2.773988865889035482e-01 2.738027019160134690e-01
2.773774942526450737e-01 2.721228769847324758e-01
2.766315684868739244e-01 2.725720363003866775e-01
2.767198051397616876e-01 2.709765902587345510e-01
2.765604337820640191e-01 2.731588397707258031e-01
2.755666249073468466e-01 2.711965824876512721e-01
2.753568005103331218e-01 2.723429884229387477e-01
2.746948450803756714e-01 2.703028832163129613e-01
2.753625408961222765e-01 2.711869691099439428e-01
2.744124611982932671e-01 2.693570937429155543e-01
2.736447464961271892e-01 2.700248616082327469e-01
2.740056870075372464e-01 2.685707892690386012e-01
2.737220434042123562e-01 2.684266567230224609e-01
2.729268085498076091e-01 2.704475436891828344e-01
2.723123809465995415e-01 2.706001315798078344e-01
2.719367650838998562e-01 2.680600519691194727e-01
2.716937328760440362e-01 2.675127238035202026e-01
2.709586528631356961e-01 2.672199223722730443e-01
2.715561665021456461e-01 2.662555192198072240e-01
2.688215672969818115e-01 2.670298240014484792e-01
2.684901058673858643e-01 2.624045695577348902e-01
2.647900615747158515e-01 2.605510034731456370e-01
2.629680003111178888e-01 2.567787212984902756e-01
2.588011020651230232e-01 2.528441633496965602e-01
2.535870940639422533e-01 2.458121989454541967e-01
2.468399565953474650e-01 2.369152094636644557e-01
2.365106304104511448e-01 2.282143299068723485e-01
2.261091791666471063e-01 2.159963441746575452e-01
2.149645216189897956e-01 2.057982342583792590e-01
2.054244996263430711e-01 1.982747571808951281e-01
1.998516412881704563e-01 1.958416764225278661e-01
1.983783015838036234e-01 1.923628108842032336e-01
1.970351831271098253e-01 1.935457927840096570e-01
1.953371682992348368e-01 1.898769395692007922e-01
1.937719623629863552e-01 1.908084877899714760e-01
1.941955215655840339e-01 1.885139686720711805e-01
1.927543569069642415e-01 1.878522549356733129e-01
1.920504770599878730e-01 1.876834865127290919e-01
1.913465737150265578e-01 1.866116970777511597e-01
1.908571502337088888e-01 1.879659763404301354e-01
1.912080106826928860e-01 1.859243661165237427e-01
1.899724321869703525e-01 1.856684493167059802e-01
1.892115611296433797e-01 1.854886348758424952e-01
1.890884122023215597e-01 1.851159398044858739e-01
1.893499098145044746e-01 1.856030672788619995e-01
1.892598196864128113e-01 1.844223205532346532e-01
1.884906039788172838e-01 1.846600430352347277e-01
1.878979819325300449e-01 1.834659555128642372e-01
1.875742404506756666e-01 1.838078903300421618e-01
1.876609703669181173e-01 1.835966663701193713e-01
1.874929053279069668e-01 1.827270069292613319e-01
1.869157334932914083e-01 1.834644398518971153e-01
1.876287007561096842e-01 1.832375675439834595e-01
1.872168091627267605e-01 1.826841448034559057e-01
1.867833103124912075e-01 1.824524956090109729e-01
1.866365780050937839e-01 1.820372108902250097e-01
1.862719809779753988e-01 1.844899845974785901e-01
1.883039119151922458e-01 1.840549643550600245e-01
1.873225730199080119e-01 1.827888531344277478e-01
1.860814312329659159e-01 1.823049421821321681e-01
1.860694048496392972e-01 1.827890915530068494e-01
1.862383198279600749e-01 1.833939871617726036e-01
1.865980630883803670e-01 1.824077559368950940e-01
1.858007655693934557e-01 1.814644230263573743e-01
1.857899083540989760e-01 1.816902671541486547e-01
1.859554459269230076e-01 1.821971514395304970e-01
1.860820014889423557e-01 1.819097037826265528e-01
1.856503744538013645e-01 1.815473032849175550e-01
1.860027771729689250e-01 1.822949647903442383e-01
1.858745526808958659e-01 1.818068219082696058e-01
1.855590274700751607e-01 1.813692854983466052e-01
1.853506077940647312e-01 1.813589973109109021e-01
1.853998870803759691e-01 1.818222169365201757e-01
1.853642566845967177e-01 1.815437887396131322e-01
1.853265911340713501e-01 1.813084738595145129e-01
1.853408727508324971e-01 1.811326209987912939e-01
1.850741465504352756e-01 1.810501345566340736e-01
1.852208335812275120e-01 1.815249898603984169e-01
1.852528097537847751e-01 1.809291541576385498e-01
1.852857900353578335e-01 1.811235696077346802e-01
1.853689132974697951e-01 1.809801736048289589e-01
1.853914845448274007e-01 1.812617885214941882e-01
1.851856227104480557e-01 1.809401405709130384e-01
1.851929305837704542e-01 1.810773738792964271e-01
1.856141405609937900e-01 1.821340152195521644e-01
1.851171942857595676e-01 1.811528142009462550e-01
1.852563963486598131e-01 1.814317767109189794e-01
1.852364030021887431e-01 1.823632802282060816e-01
1.851817449698081319e-01 1.809410559279578112e-01
1.851911309819955220e-01 1.806735843420028687e-01
1.847601022857885966e-01 1.813768957342420385e-01
1.851613853986446567e-01 1.818297931126185707e-01
1.852999851107597351e-01 1.807108074426651001e-01
1.850024702457281345e-01 1.823843206678117945e-01
1.858807057142257690e-01 1.806689969130924889e-01
1.847481859418061978e-01 1.812018454074859619e-01
1.846970394253730774e-01 1.806390604802540489e-01
1.846121349013768731e-01 1.807641174112047389e-01
1.856909096240997314e-01 1.813264489173889160e-01
1.873598173260688782e-01 1.804541306836264514e-01
1.845453163752188985e-01 1.809258673872266576e-01
1.849577277898788452e-01 1.805822359664099597e-01
1.859399447074303324e-01 1.821720876864024452e-01
1.859374436048361057e-01 1.806181754384721949e-01
1.847603917121887207e-01 1.805666408368519493e-01
1.854246006562159654e-01 1.807426469666617297e-01
1.850011039238709798e-01 1.811167874506541542e-01
1.845502945093008274e-01 1.805102697440556236e-01
1.845602267063581048e-01 1.813732790095465564e-01
1.850070953369140625e-01 1.813693238156182386e-01
1.849502456875947720e-01 1.810537129640579224e-01
1.860181981554398234e-01 1.819035517317908190e-01
1.856120349122927782e-01 1.821462959051132202e-01
1.853339987305494541e-01 1.817367885793958471e-01
1.849113834592012173e-01 1.808127952473504163e-01
1.848662472688234748e-01 1.806383558682032875e-01
1.846021419534316366e-01 1.810774270977292821e-01
1.853915447225937541e-01 1.841129767043249987e-01
1.864955511230688701e-01 1.840580403804779053e-01
1.866650908039166334e-01 1.819408131497246839e-01
1.857253381839165385e-01 1.812162505728857897e-01
1.848794806462067952e-01 1.812023073434829712e-01
1.847568607101073568e-01 1.808128591094698145e-01
1.844996110751078722e-01 1.803875012057168103e-01
1.845238758967472914e-01 1.808712631464004517e-01
1.846924240772540859e-01 1.809122349534715846e-01
1.846752596589235074e-01 1.809612065553665161e-01
1.841330081224441528e-01 1.802931896277836510e-01
1.843706478293125339e-01 1.802821287087031654e-01
1.843260068159837117e-01 1.806894796235220813e-01
1.843720439534921041e-01 1.805353696857179835e-01
1.848675895195741048e-01 1.803575754165649414e-01
1.877137136000853190e-01 1.839303565876824476e-01
1.879928364203526381e-01 1.813802421092987061e-01
1.849988372280047533e-01 1.801838747092655846e-01
1.842841975964032708e-01 1.804165286677224256e-01
1.843163611797186130e-01 1.804808229207992554e-01
1.844887538598133925e-01 1.806765816041401573e-01
1.846947612670751804e-01 1.804772700582231715e-01
1.848204290637603109e-01 1.806886834757668592e-01
1.843150458656824531e-01 1.801958616290773585e-01
1.844680148821610799e-01 1.803653602089200780e-01
1.845774679229809645e-01 1.803832288299287989e-01
1.842726726944629856e-01 1.807177364826202393e-01
1.845902473880694505e-01 1.806864908763340660e-01
1.844841104287367473e-01 1.808005550077983192e-01
1.845826386259152296e-01 1.812107115983963013e-01
1.853234865344487725e-01 1.809223954166684911e-01
1.847816384755648078e-01 1.803445879902158544e-01
1.843554417674358181e-01 1.810708194971084595e-01
1.841596651535767903e-01 1.802352496555873207e-01
1.843330837213076057e-01 1.801839300564357094e-01
1.841532759941541253e-01 1.800998470612934776e-01
1.843642237094732517e-01 1.804851272276469520e-01
1.842590484481591573e-01 1.803980640002659508e-01
1.842205363970536580e-01 1.801039342369352148e-01
1.844765985241303141e-01 1.805549476827894018e-01
1.844877635057155796e-01 1.806143202951976112e-01
1.844695657491683960e-01 1.809692276375634290e-01
1.842020847476445733e-01 1.802455229418618299e-01
1.842313701143631632e-01 1.799738811595099353e-01
1.840388287718479343e-01 1.801244318485260010e-01
1.841480508446693420e-01 1.805921601397650622e-01
1.844927066793808634e-01 1.809148894889014147e-01
1.842994804565723233e-01 1.800755028213773534e-01
1.841527779514972873e-01 1.807562368256705188e-01
1.843512849165843126e-01 1.809931929622377589e-01
1.842075408651278612e-01 1.802458656685692884e-01
1.841163984858072700e-01 1.809803524187632850e-01
1.844589326244134297e-01 1.810865402221679688e-01
1.840981984367737467e-01 1.809137186833790489e-01
1.842886518973570475e-01 1.815275038991655543e-01
1.842321489865963169e-01 1.799368283578327843e-01
1.841450138733937147e-01 1.800302692822047523e-01
1.839863285422325134e-01 1.805199342114584826e-01
1.841567663046029812e-01 1.810138353279658607e-01
1.844652025745465163e-01 1.805710898978369616e-01
1.842845970621475871e-01 1.801510900259017944e-01
1.839790986134455797e-01 1.806149610451289467e-01
1.843378578241054722e-01 1.799471931798117541e-01
1.840411287087660441e-01 1.801959850958415321e-01
1.840742900967597961e-01 1.799900020871843531e-01
1.843295068694995043e-01 1.808863622801644422e-01
1.844014680156340902e-01 1.804862895182200722e-01
1.841156408190727234e-01 1.809271190847669408e-01
1.839647470758511427e-01 1.800233232123511218e-01
1.854401098994108432e-01 1.815915725060871788e-01
1.849290327383921739e-01 1.822250740868704699e-01
1.851024375512049791e-01 1.826623444046293065e-01
1.847976577969697720e-01 1.800188209329332545e-01
1.848487143333141514e-01 1.805559801203864001e-01
1.843308044167665249e-01 1.809173183781760119e-01
1.842466048323191108e-01 1.801792872803551770e-01
1.839506700634956360e-01 1.801608928612300209e-01
1.840145926062877468e-01 1.801112123898097328e-01
1.839752323352373542e-01 1.803915670939854332e-01
1.839257662112896152e-01 1.798067667654582313e-01
1.838871527176637044e-01 1.802317074366978356e-01
1.841889402041068380e-01 1.799279728106089882e-01
1.839031875133514404e-01 1.800344607659748741e-01
1.839678774659450344e-01 1.813552911792482569e-01
1.845616016250390401e-01 1.805315038987568566e-01
1.840077936649322510e-01 1.802084105355399035e-01
1.841242078405160298e-01 1.805264587913240626e-01
1.842635726699462240e-01 1.801116509096963025e-01
1.838305191351817247e-01 1.800371514899390124e-01
1.839529487949151387e-01 1.803021601268223473e-01
1.842674246201148336e-01 1.813883398260389135e-01
1.842859226923722615e-01 1.803402134350367836e-01
1.840488108304830783e-01 1.800761137689863012e-01
1.840661374422219998e-01 1.804687593664441869e-01
1.852574102007425727e-01 1.815569613661084936e-01
1.842796991650874905e-01 1.802438156945364855e-01
1.841040024390587504e-01 1.799546948501042076e-01
1.841025833900158115e-01 1.808982512780598351e-01
1.838560471167931254e-01 1.799978848014558985e-01
1.841327444865153429e-01 1.798115968704223633e-01
1.839399985395945014e-01 1.798243245908192345e-01
1.838728332748779948e-01 1.800354974610464953e-01
1.838575326479398309e-01 1.802853473595210365e-01
1.845233245537831190e-01 1.814510290111814306e-01
1.841302657356629069e-01 1.797088044030325793e-01
1.839053464623597867e-01 1.800503326313836194e-01
1.840578609934220011e-01 1.800079516002110191e-01
1.838191392330023044e-01 1.797171767268861964e-01
1.838154867291450500e-01 1.797777478184018896e-01
1.840340913488314745e-01 1.800289920398167320e-01
1.841164449086556132e-01 1.797448098659515381e-01
1.838186377516159709e-01 1.797455549240112305e-01
1.841222001956059340e-01 1.804032325744628906e-01
1.840397194027900696e-01 1.801961149488176539e-01
1.837156128424864421e-01 1.799787900277546593e-01
1.837555032510023723e-01 1.803859301975795082e-01
1.839389067429762492e-01 1.803331311259950831e-01
1.837177339654702535e-01 1.798231090818132594e-01
1.837406307458877563e-01 1.805945081370217420e-01
1.840331972791598436e-01 1.798454821109771729e-01
1.843985158663529744e-01 1.804586776665278725e-01
1.839655786752700806e-01 1.799815595149993896e-01
1.836594589627706109e-01 1.800959429570606896e-01
1.837455796507688754e-01 1.798382167305265233e-01
1.838598921895027161e-01 1.804447727543967150e-01
1.835704228052726095e-01 1.800051416669573023e-01
1.839472382114483717e-01 1.799230128526687622e-01
1.836884841322898865e-01 1.799469441175460815e-01
1.835289528736701314e-01 1.798010574919836901e-01
1.838251501321792603e-01 1.799728508506502345e-01
1.837135089131501919e-01 1.801685563155583092e-01
1.840099067642138597e-01 1.797673659665244006e-01
1.837210517663221965e-01 1.801597603729792885e-01
1.840715574530454868e-01 1.800211923463004016e-01
1.839232307214003215e-01 1.806187118802751734e-01
1.838578192087320096e-01 1.804806845528738879e-01
1.839541569352149963e-01 1.803277879953384399e-01
1.838045223401142958e-01 1.802974981921059705e-01
1.837799279735638502e-01 1.799803056887217811e-01
1.838252790845357476e-01 1.799223529441016101e-01
1.840201730911548428e-01 1.806875956909997083e-01
1.837330695528250346e-01 1.803800101791109278e-01
1.841979938057752841e-01 1.802981027535029701e-01
1.838747773032922139e-01 1.800049671104975990e-01
1.841055630491330031e-01 1.799770614930561730e-01
1.838069730080091058e-01 1.802035080535071276e-01
1.839240726370077739e-01 1.803207695484161377e-01
1.838071558337945333e-01 1.797854474612644859e-01
1.837436659977986220e-01 1.796567078147615626e-01
1.837178663565562364e-01 1.801132410764694214e-01
1.840261324093891981e-01 1.802690050431660362e-01
1.847986790996331563e-01 1.800906317574637316e-01
1.835843743040011522e-01 1.799154366765703394e-01
1.837283728214410550e-01 1.803085016352789782e-01
1.838001024264555583e-01 1.798413140433175184e-01
1.840859267574090352e-01 1.798641617809023097e-01
1.840620218561245802e-01 1.797371293817247584e-01
1.838575807901529080e-01 1.798467167786189369e-01
1.838926695860349236e-01 1.797227369887488269e-01
1.836962115306120524e-01 1.804965159722737023e-01
1.838221590106303982e-01 1.800186101879392431e-01
1.837915491599302897e-01 1.796676963567733765e-01
1.835219349998694072e-01 1.796593942812510780e-01
1.834915584096541707e-01 1.797060008559908106e-01
1.836550373297471395e-01 1.803609622376305677e-01
1.837786332919047472e-01 1.808614603110722252e-01
1.839346914337231520e-01 1.799413774694715307e-01
1.838582725479052660e-01 1.807123039449964330e-01
1.840523189077010457e-01 1.811925555978502467e-01
1.837221951438830492e-01 1.797620228358677574e-01
1.836041905559026299e-01 1.805344202688762001e-01
1.838858970082723199e-01 1.799958795309066772e-01
1.838668653598198588e-01 1.799069579158510401e-01
1.837419311587627224e-01 1.798391022852488808e-01
1.836552516772196886e-01 1.795997747353144935e-01
1.838117918142905538e-01 1.805549412965774536e-01
1.838160982498755758e-01 1.796921214887074181e-01
1.835781765671876675e-01 1.797071461166654394e-01
1.837160163200818597e-01 1.796527675219944664e-01
1.834274880014933051e-01 1.798341657434190943e-01
1.835688048830399210e-01 1.795611126082284070e-01
1.834804839812792243e-01 1.795512331383568860e-01
1.836231362361174235e-01 1.797383895942143150e-01
1.835437193512916565e-01 1.796602691922868922e-01
1.835069845502193264e-01 1.797089193548475072e-01
1.840284266150914727e-01 1.795897568975176051e-01
1.834730259501017036e-01 1.796361867870603368e-01
1.834966156345147481e-01 1.796601244381495766e-01
1.834776149346278307e-01 1.797841382878167249e-01
1.840247723918694844e-01 1.853287390300205895e-01
1.848130271984980699e-01 1.799032475267137721e-01
1.837087548696077766e-01 1.804674991539546303e-01
1.835997889821346096e-01 1.800276360341480919e-01
1.839245093556550747e-01 1.798512148005621814e-01
1.837913170456886292e-01 1.800106827701841161e-01
1.838987933901640170e-01 1.794980274779456042e-01
1.839364302846101529e-01 1.809409494910921290e-01
1.836185289117006070e-01 1.795578066791806982e-01
1.841051567059296956e-01 1.801937158618654444e-01
1.841676963063386685e-01 1.799172269446509265e-01
1.837531975828684272e-01 1.799257057053702258e-01
1.835689997443785970e-01 1.799654087850025841e-01
1.836595157018074687e-01 1.801781867231641576e-01
1.837533878592344516e-01 1.799603445189339734e-01
1.835798546671867371e-01 1.799003205129078575e-01
1.835622827594096951e-01 1.795660959822791003e-01
1.835892389600093655e-01 1.796207619564873792e-01
1.834573218455681498e-01 1.796273227248872950e-01
1.834480126316730686e-01 1.798257167850221827e-01
1.839235224402867852e-01 1.794905300651277735e-01
1.835568226300753059e-01 1.804763674736022949e-01
1.837334672992046170e-01 1.806627895150865748e-01
1.838560110101332967e-01 1.807199205671037867e-01
1.837220690571344794e-01 1.798466401440756701e-01
1.836832096943488424e-01 1.801946695361818507e-01
1.836418996636684231e-01 1.796102481228964709e-01
1.833306585366909214e-01 1.796815395355224609e-01
1.834853664040565491e-01 1.794675588607788086e-01
1.835673846877538262e-01 1.803024900811059095e-01
1.836676815381416972e-01 1.798357261078698255e-01
1.836700691626622084e-01 1.796368679830006310e-01
1.832562375527161946e-01 1.795986103160040759e-01
1.834428992408972392e-01 1.802030993359429456e-01
1.834890951330845066e-01 1.797299065760203651e-01
1.838973697561483989e-01 1.800772760595594213e-01
1.835961393438852729e-01 1.796498915978840538e-01
1.836837627566777764e-01 1.797610159431184962e-01
1.837133593284166755e-01 1.795164623430796913e-01
1.836279687973169095e-01 1.800614829574312403e-01
1.848643485170144429e-01 1.807369525943483546e-01
1.838704232986156650e-01 1.796525823218481921e-01
1.835979337875659756e-01 1.800945316042218969e-01
1.835039338240256612e-01 1.796447975294930555e-01
1.833620736232170756e-01 1.795915982552937218e-01
1.834177615550848239e-01 1.796076297760009766e-01
1.835119036527780301e-01 1.796132155827113441e-01
1.833419650793075562e-01 1.795362255402973839e-01
1.833673268556594849e-01 1.795814888817923449e-01
1.835677749835527839e-01 1.810139545372554115e-01
1.837779386685444716e-01 1.796364613941737465e-01
1.836901507698572578e-01 1.796715174402509496e-01
1.835509876792247586e-01 1.799144468137196251e-01
1.832608609245373610e-01 1.798792374985558606e-01
1.835957519136942329e-01 1.799056466136659815e-01
1.832759930537297133e-01 1.795064466340201281e-01
1.832225918769836426e-01 1.797338575124740601e-01
1.833846213725897067e-01 1.793643065861293129e-01
1.833422894661243252e-01 1.797819244010107897e-01
1.837239855757126505e-01 1.797245208706174657e-01
1.837135765414971700e-01 1.794668223176683619e-01
1.834604992316319350e-01 1.796089027609144018e-01
1.835612213382354085e-01 1.803080482142312146e-01
1.839685938679254951e-01 1.797121550355638697e-01
1.833938715549615628e-01 1.795942208596638390e-01
1.833815311010067173e-01 1.801264860800334267e-01
1.834517321907556953e-01 1.797434368303843788e-01
1.834343511324662557e-01 1.794026664325169274e-01
1.832428987209613613e-01 1.793580055236816406e-01
1.833520044501011081e-01 1.794378565890448474e-01
1.833760646673349148e-01 1.796565375157765099e-01
1.833059753362949185e-01 1.804368879113878443e-01
1.834338983664145772e-01 1.797680194888796046e-01
1.834261640906333923e-01 1.800750494003295898e-01
1.836881345281234090e-01 1.794587629181998156e-01
1.834469328706081204e-01 1.795229826654706762e-01
1.834648480782141988e-01 1.795109638145991615e-01
1.836401264254863552e-01 1.799298248120716759e-01
1.833726947124187656e-01 1.800966007368905164e-01
1.835679646867972026e-01 1.801616911377225683e-01
1.834573075175285339e-01 1.800828746386936852e-01
1.833681114591085015e-01 1.794892102479934692e-01
1.834174520694292487e-01 1.798327735492161461e-01
1.833538562059402466e-01 1.795115854058946803e-01
1.835989258610285224e-01 1.797807706253869153e-01
1.835685773537709120e-01 1.796984544822148033e-01
1.833895697043492201e-01 1.795861742326191612e-01
1.834212117470227776e-01 1.795693018606730751e-01
1.833091911215048442e-01 1.796722752707345105e-01
1.833832510388814507e-01 1.796020397118159584e-01
1.834578158763738864e-01 1.816514006682804772e-01
1.845878253762538723e-01 1.806390242917197131e-01
1.837269348593858487e-01 1.797955078738076307e-01
1.832231523898931735e-01 1.793458206312996961e-01
1.833149876732092509e-01 1.800928946052278712e-01
1.832361227044692342e-01 1.798236093350819298e-01
1.833200758466353719e-01 1.794926311288561060e-01
1.833568249757473179e-01 1.798500908272606946e-01
1.834934451259099542e-01 1.796707872833524511e-01
1.832286767088449897e-01 1.794602062020982935e-01
1.838608452906975443e-01 1.798882952758244225e-01
1.834426396168195306e-01 1.800871619156428627e-01
1.833520864064876743e-01 1.794956645795277306e-01
1.833419753954960707e-01 1.794716737100056358e-01
1.833060389527907674e-01 1.798931445394243434e-01
1.833083474865326579e-01 1.793548188039234825e-01
1.831563539229906501e-01 1.796085323606218531e-01
1.835115970327304002e-01 1.797033420630863854e-01
1.832572806339997640e-01 1.799474060535430908e-01
1.832925362082628018e-01 1.794621497392654419e-01
1.834155556101065287e-01 1.794973079647336767e-01
1.840237648441241380e-01 1.808756462165287682e-01
1.847562686755107042e-01 1.804754414728709511e-01
1.846482157707214355e-01 1.794382057019642540e-01
1.833839233104999356e-01 1.796736014740807630e-01
1.832832699784865682e-01 1.793534840856279566e-01
1.831722677900241014e-01 1.793974105800901220e-01
1.832871225017767558e-01 1.793053171464375206e-01
1.837071191806059489e-01 1.801910379103251747e-01
1.837401292645014228e-01 1.797778052943093396e-01
1.835277951680696906e-01 1.798446902206965736e-01
1.832109540700912476e-01 1.801517627068928429e-01
1.833011353245148356e-01 1.796343262706484034e-01
1.832859097765042189e-01 1.797774838549750231e-01
1.833125765507037930e-01 1.795855952160698987e-01
1.831649123476101759e-01 1.793417313269206337e-01
1.832019405869337314e-01 1.795728823968342491e-01
1.832996583901918830e-01 1.801472327538899132e-01
1.838340060069010851e-01 1.803588441440037438e-01
1.837556150097113261e-01 1.799730445657457545e-01
1.834553119081717143e-01 1.794165883745466039e-01
1.833621022792962796e-01 1.793179639748164467e-01
1.833968936250759962e-01 1.796236272369112208e-01
1.832057667466310269e-01 1.793344680752073095e-01
1.833579293810404243e-01 1.793460079601832680e-01
1.833073697411096992e-01 1.799137847764151477e-01
1.835234337128125726e-01 1.798275453703744031e-01
1.833405867218971252e-01 1.792569756507873535e-01
1.831888178220162089e-01 1.796941970075879857e-01
1.835074401818788947e-01 1.796728670597076416e-01
1.831912048734151421e-01 1.794476168496268176e-01
1.833562684746888882e-01 1.793578224522726916e-01
1.832037155444805332e-01 1.805219756705420397e-01
1.832678633240553134e-01 1.792689668280737780e-01
1.831512445440659220e-01 1.797068310635430433e-01
1.832692537170190206e-01 1.796896883419581703e-01
1.833001398123227654e-01 1.798188281910760022e-01
1.833313640493612895e-01 1.796244276421410657e-01
1.835043659577002828e-01 1.797531545162200928e-01
1.833334880379530185e-01 1.792200122560773656e-01
1.832814812660217285e-01 1.796606842960630224e-01
1.831828728318214417e-01 1.794198325702122399e-01
1.832796071584407993e-01 1.796663935695375636e-01
1.834480538964271545e-01 1.796109484774725817e-01
1.835225201570070686e-01 1.799103915691375732e-01
1.836474153857964864e-01 1.794676184654235840e-01
1.833441377832339403e-01 1.807065946715218641e-01
1.835733594802709812e-01 1.797672084399632164e-01
1.835041315509722826e-01 1.797885809625898168e-01
1.832746892021252516e-01 1.797122976609638878e-01
1.829819323924871677e-01 1.792047364371163465e-01
1.833147200254293674e-01 1.794371519769941137e-01
1.831021343286220737e-01 1.797015177352087878e-01
1.831952373568828396e-01 1.794997730425425819e-01
1.832658940782913859e-01 1.793080781187330053e-01
1.834529099556115872e-01 1.793272772005626015e-01
1.833603645746524624e-01 1.793961971998214722e-01
1.835249249751751133e-01 1.797198993819100477e-01
1.833473489834712145e-01 1.797886661120823570e-01
1.838068108146007351e-01 1.808469018765858360e-01
1.836473024808443488e-01 1.802672509636197851e-01
1.833028088395412258e-01 1.799494496413639733e-01
1.831941272203738980e-01 1.792966233832495593e-01
1.829966203524516222e-01 1.795420689242226697e-01
1.832171002259621317e-01 1.799680569342204384e-01
1.834173546387599107e-01 1.793148155723299220e-01
1.831218118851001553e-01 1.796665170363017372e-01
1.832377956463740465e-01 1.793050382818494604e-01
1.832676782057835463e-01 1.795843690633773804e-01
1.839541821525647047e-01 1.800853482314518639e-01
1.845332154860863383e-01 1.799629351922444054e-01
1.837726814242509610e-01 1.800250687769480995e-01
1.834398771707828335e-01 1.797386258840560913e-01
1.833495669640027581e-01 1.796672642230987549e-01
1.832299536237349813e-01 1.794401662690298938e-01
1.832119656296876675e-01 1.793983450957707115e-01
1.830904913636354214e-01 1.795431503227778725e-01
1.830752738393270074e-01 1.800257840326854042e-01
