1.000000014901161194e-01 0.000000000000000000e+00 0.000000000000000000e+00
1.048641800880432129e-01 4.934449121356010437e-02 -5.129614844918251038e-03
1.139506399631500244e-01 9.580695629119873047e-02 -9.127706289291381836e-03
1.271540820598602295e-01 1.405150294303894043e-01 -1.184530649334192276e-02
1.445461064577102661e-01 1.844784170389175415e-01 -1.322271116077899933e-02
1.662816107273101807e-01 2.284641563892364502e-01 -1.328988745808601379e-02
1.925249099731445312e-01 2.729614377021789551e-01 -1.215804554522037506e-02
2.234029024839401245e-01 3.181894421577453613e-01 -1.000891160219907761e-02
2.589811682701110840e-01 3.641196489334106445e-01 -7.081878371536731720e-03
2.992548942565917969e-01 4.104984700679779053e-01 -3.657417371869087219e-03
3.441472947597503662e-01 4.568651914596557617e-01 -3.679958172142505646e-05
3.935095369815826416e-01 5.025646090507507324e-01 3.480331506580114365e-03
4.471187293529510498e-01 5.467545986175537109e-01 6.617951672524213791e-03
5.046723484992980957e-01 5.884090662002563477e-01 9.143103845417499542e-03
5.657783746719360352e-01 6.263176798820495605e-01 1.088140252977609634e-02
6.299418210983276367e-01 6.590865850448608398e-01 1.172817964106798172e-02
6.965478658676147461e-01 6.851469874382019043e-01 1.165474206209182739e-02
7.648437023162841797e-01 7.027807831764221191e-01 1.070905383676290512e-02
8.339201807975769043e-01 7.101716995239257812e-01 9.009498171508312225e-03
9.026962518692016602e-01 7.054890394210815430e-01 6.730179302394390106e-03
9.699094891548156738e-01 6.870085000991821289e-01 4.076935350894927979e-03
1.034119248390197754e+00 6.532757282257080078e-01 1.255772309377789497e-03
1.093732476234436035e+00 6.033176183700561523e-01 -1.560162287205457687e-03
1.147065281867980957e+00 5.368974208831787109e-01 -4.253283143043518066e-03
1.192450523376464844e+00 4.547816812992095947e-01 -6.761360913515090942e-03
1.228387117385864258e+00 3.589406311511993408e-01 -9.050418622791767120e-03
1.253702402114868164e+00 2.525716423988342285e-01 -1.107551902532577515e-02
1.267683982849121094e+00 1.398649513721466064e-01 -1.275578327476978302e-02
1.270141959190368652e+00 2.553179115056991577e-02 -1.398243382573127747e-02
1.261393070220947266e+00 -8.576545864343643188e-02 -1.465686224400997162e-02
1.242187976837158203e+00 -1.899050623178482056e-01 -1.473932806402444839e-02
1.213612318038940430e+00 -2.836169004440307617e-01 -1.428471226245164871e-02
1.176983118057250977e+00 -3.646197319030761719e-01 -1.344706583768129349e-02
1.133748054504394531e+00 -4.316415488719940186e-01 -1.244854927062988281e-02
1.085389375686645508e+00 -4.843620955944061279e-01 -1.152512058615684509e-02
1.033334374427795410e+00 -5.232872366905212402e-01 -1.087149605154991150e-02
9.788812994956970215e-01 -5.495632290840148926e-01 -1.060452684760093689e-02
9.231474399566650391e-01 -5.647559165954589844e-01 -1.075287722051143646e-02
8.670436739921569824e-01 -5.706307888031005859e-01 -1.126933563500642776e-02
8.112744688987731934e-01 -5.689657330513000488e-01 -1.205565687268972397e-02
7.563576102256774902e-01 -5.614134073257446289e-01 -1.298965886235237122e-02
7.026570439338684082e-01 -5.494156479835510254e-01 -1.394763030111789703e-02
6.504210829734802246e-01 -5.341609120368957520e-01 -1.481959596276283264e-02
5.998206734657287598e-01 -5.165737867355346680e-01 -1.551817078143358231e-02
5.509828925132751465e-01 -4.973256587982177734e-01 -1.598305813968181610e-02
5.040167570114135742e-01 -4.768592119216918945e-01 -1.618313789367675781e-02
4.590311944484710693e-01 -4.554199278354644775e-01 -1.611705310642719269e-02
4.161460995674133301e-01 -4.330907464027404785e-01 -1.581217348575592041e-02
3.754981756210327148e-01 -4.098266065120697021e-01 -1.532137393951416016e-02
3.372433185577392578e-01 -3.854883611202239990e-01 -1.471717935055494308e-02
3.015566766262054443e-01 -3.598762154579162598e-01 -1.408353261649608612e-02
2.686307430267333984e-01 -3.327647447586059570e-01 -1.350544299930334091e-02
2.386709302663803101e-01 -3.039392828941345215e-01 -1.305786520242691040e-02
2.118888199329376221e-01 -2.732330560684204102e-01 -1.279520057141780853e-02
1.884931176900863647e-01 -2.405595481395721436e-01 -1.274360716342926025e-02
1.686792820692062378e-01 -2.059333771467208862e-01 -1.289802975952625275e-02
1.526197940111160278e-01 -1.694736331701278687e-01 -1.322511117905378342e-02
1.404569000005722046e-01 -1.313870996236801147e-01 -1.367156393826007843e-02
1.322993487119674683e-01 -9.193606674671173096e-02 -1.417563669383525848e-02
1.282233893871307373e-01 -5.139952898025512695e-02 -1.467840652912855148e-02
1.282773762941360474e-01 -1.003731042146682739e-02 -1.513238903135061264e-02
1.324887424707412720e-01 3.193622455000877380e-02 -1.550603471696376801e-02
1.408717930316925049e-01 7.436688244342803955e-02 -1.578461192548274994e-02
1.534355431795120239e-01 1.171649396419525146e-01 -1.596846245229244232e-02
1.701905429363250732e-01 1.603013873100280762e-01 -1.606995798647403717e-02
1.911544501781463623e-01 2.037987709045410156e-01 -1.611013151705265045e-02
2.163559496402740479e-01 2.477182596921920776e-01 -1.611561700701713562e-02
2.458369284868240356e-01 2.921436429023742676e-01 -1.611589267849922180e-02
2.796526253223419189e-01 3.371616601943969727e-01 -1.614106073975563049e-02
3.178691864013671875e-01 3.828378319740295410e-01 -1.621966995298862457e-02
3.605582118034362793e-01 4.291853308677673340e-01 -1.637642085552215576e-02
4.077873826026916504e-01 4.761243164539337158e-01 -1.662942953407764435e-02
4.596060216426849365e-01 5.234287977218627930e-01 -1.698667556047439575e-02
5.160241127014160156e-01 5.706586837768554688e-01 -1.744142733514308929e-02
5.769836902618408203e-01 6.170765757560729980e-01 -1.796691305935382843e-02
6.423212289810180664e-01 6.615539193153381348e-01 -1.851078309118747711e-02
7.117217183113098145e-01 7.024793028831481934e-01 -1.899092644453048706e-02
7.846654653549194336e-01 7.376922369003295898e-01 -1.929559744894504547e-02
8.603737354278564453e-01 7.644769549369812012e-01 -1.929130777716636658e-02
9.377611279487609863e-01 7.796575427055358887e-01 -1.884224079549312592e-02
1.015405893325805664e+00 7.798258662223815918e-01 -1.784230768680572510e-02
1.091549992561340332e+00 7.617079019546508789e-01 -1.625593379139900208e-02
1.164137959480285645e+00 7.226322889328002930e-01 -1.415519602596759796e-02
1.230902433395385742e+00 6.610295176506042480e-01 -1.173271518200635910e-02
1.289505481719970703e+00 5.768801569938659668e-01 -9.268846362829208374e-03
1.337740421295166016e+00 4.720284938812255859e-01 -7.048859260976314545e-03
1.373771429061889648e+00 3.502649664878845215e-01 -5.261653568595647812e-03
1.396355390548706055e+00 2.170810252428054810e-01 -3.936160821467638016e-03
1.404979348182678223e+00 7.907225191593170166e-02 -2.953404560685157776e-03
1.399879813194274902e+00 -5.689762532711029053e-02 -2.122597303241491318e-03
1.381957292556762695e+00 -1.845593154430389404e-01 -1.274419948458671570e-03
1.352623939514160156e+00 -2.989165186882019043e-01 -3.257396747358143330e-04
1.313625097274780273e+00 -3.966198265552520752e-01 7.051501306705176830e-04
1.266864538192749023e+00 -4.760248064994812012e-01 1.726326998323202133e-03
1.214251995086669922e+00 -5.370017886161804199e-01 2.619773615151643753e-03
1.157581090927124023e+00 -5.806006193161010742e-01 3.284327685832977295e-03
1.098442912101745605e+00 -6.086690425872802734e-01 3.659778740257024765e-03
1.038174152374267578e+00 -6.234989166259765625e-01 3.730567172169685364e-03
9.778365492820739746e-01 -6.275403499603271484e-01 3.515640040859580040e-03
9.182214736938476562e-01 -6.231952309608459473e-01 3.053606953471899033e-03
8.598733544349670410e-01 -6.126842498779296875e-01 2.389931818470358849e-03
8.031245470046997070e-01 -5.979715585708618164e-01 1.569422427564859390e-03
7.481361031532287598e-01 -5.807317495346069336e-01 6.339618121273815632e-04
6.949382424354553223e-01 -5.623463392257690430e-01 -3.766113077290356159e-04
6.434667706489562988e-01 -5.439203381538391113e-01 -1.422879053279757500e-03
5.935924649238586426e-01 -5.263121724128723145e-01 -2.465382684022188187e-03
5.451427698135375977e-01 -5.101711153984069824e-01 -3.465699497610330582e-03
4.979161620140075684e-01 -4.959782063961029053e-01 -4.388703498989343643e-03
4.516910016536712646e-01 -4.840852320194244385e-01 -5.205142777413129807e-03
4.062302410602569580e-01 -4.747504889965057373e-01 -5.893683526664972305e-03
3.612835705280303955e-01 -4.681685566902160645e-01 -6.442076060920953751e-03
3.165882229804992676e-01 -4.644947648048400879e-01 -6.847376935184001923e-03
2.718686461448669434e-01 -4.638637006282806396e-01 -7.115488406270742416e-03
2.268359363079071045e-01 -4.664034247398376465e-01 -7.260201964527368546e-03
1.811866164207458496e-01 -4.722456037998199463e-01 -7.302126847207546234e-03
1.346014291048049927e-01 -4.815322458744049072e-01 -7.267654407769441605e-03
8.674399554729461670e-02 -4.944194853305816650e-01 -7.188055664300918579e-03
3.725949302315711975e-02 -5.110778212547302246e-01 -7.098715752363204956e-03
-1.422622054815292358e-02 -5.316882133483886719e-01 -7.038398180156946182e-03
-6.810654699802398682e-02 -5.564318895339965820e-01 -7.048311643302440643e-03
-1.247924268245697021e-01 -5.854704380035400391e-01 -7.170663680881261826e-03
-1.847073435783386230e-01 -6.189118027687072754e-01 -7.446115370839834213e-03
-2.482774555683135986e-01 -6.567554473876953125e-01 -7.909633219242095947e-03
-3.159134984016418457e-01 -6.988101005554199219e-01 -8.584012277424335480e-03
-3.879816532135009766e-01 -7.445813417434692383e-01 -9.470368735492229462e-03
-4.647603631019592285e-01 -7.931339144706726074e-01 -1.053575612604618073e-02
-5.463823080062866211e-01 -8.429507017135620117e-01 -1.169886719435453415e-02
-6.327645778656005859e-01 -8.918223381042480469e-01 -1.281756255775690079e-02
-7.235347032546997070e-01 -9.368017315864562988e-01 -1.368717383593320847e-02
-8.179599046707153320e-01 -9.742214083671569824e-01 -1.406718976795673370e-02
-9.148841500282287598e-01 -9.997287988662719727e-01 -1.375843584537506104e-02
-1.012672901153564453e+00 -1.008326888084411621e+00 -1.272882055491209030e-02
-1.109177112579345703e+00 -9.945837259292602539e-01 -1.121627353131771088e-02
-1.201754093170166016e+00 -9.533025622367858887e-01 -9.691652841866016388e-03
-1.287386059761047363e+00 -8.806763291358947754e-01 -8.653915487229824066e-03
-1.362902045249938965e+00 -7.754951715469360352e-01 -8.384590037167072296e-03
-1.425267577171325684e+00 -6.399088501930236816e-01 -8.815946057438850403e-03
-1.471902728080749512e+00 -4.795237779617309570e-01 -9.572865441441535950e-03
-1.500994086265563965e+00 -3.028148412704467773e-01 -1.015674509108066559e-02
-1.511743783950805664e+00 -1.199441552162170410e-01 -1.017214823514223099e-02
-1.504473924636840820e+00 5.874663591384887695e-02 -9.470856748521327972e-03
-1.480535149574279785e+00 2.241798490285873413e-01 -8.149706758558750153e-03
-1.442044138908386230e+00 3.695701956748962402e-01 -6.444227416068315506e-03
-1.391545653343200684e+00 4.908528923988342285e-01 -4.608327057212591171e-03
-1.331699967384338379e+00 5.865421891212463379e-01 -2.840533852577209473e-03
-1.265056729316711426e+00 6.572285294532775879e-01 -1.265877741388976574e-03
-1.193919539451599121e+00 7.049640417098999023e-01 4.658952821046113968e-05
-1.120276212692260742e+00 7.327058315277099609e-01 1.054283347912132740e-03
-1.045768141746520996e+00 7.438774704933166504e-01 1.716665457934141159e-03
-9.716830849647521973e-01 7.420390844345092773e-01 1.985817681998014450e-03
-8.989656567573547363e-01 7.306319475173950195e-01 1.815237104892730713e-03
-8.282448649406433105e-01 7.127767801284790039e-01 1.182031934149563313e-03
-7.598768472671508789e-01 6.911293268203735352e-01 1.104088732972741127e-04
-6.939971446990966797e-01 6.678115129470825195e-01 -1.317404094152152538e-03
-6.305749416351318359e-01 6.444259285926818848e-01 -2.969773719087243080e-03
-5.694602131843566895e-01 6.221348047256469727e-01 -4.689338617026805878e-03
-5.104205012321472168e-01 6.017684340476989746e-01 -6.320843007415533066e-03
-4.531664550304412842e-01 5.839300751686096191e-01 -7.733126170933246613e-03
-3.973680734634399414e-01 5.690789818763732910e-01 -8.830954320728778839e-03
-3.426643311977386475e-01 5.575879812240600586e-01 -9.557610377669334412e-03
-2.886683940887451172e-01 5.497806668281555176e-01 -9.891218505799770355e-03
-2.349701076745986938e-01 5.459534525871276855e-01 -9.838296100497245789e-03
-1.811369508504867554e-01 5.463879108428955078e-01 -9.426774457097053528e-03
-1.267143934965133667e-01 5.513565540313720703e-01 -8.699804544448852539e-03
-7.122643291950225830e-02 5.611226558685302734e-01 -7.711028680205345154e-03
-1.417684927582740784e-02 5.759334564208984375e-01 -6.521110422909259796e-03
4.494775459170341492e-02 5.960057377815246582e-01 -5.195276811718940735e-03
1.066720187664031982e-01 6.214997768402099609e-01 -3.801294136792421341e-03
1.715215444564819336e-01 6.524777412414550781e-01 -2.407039981335401535e-03
2.400063127279281616e-01 6.888411045074462891e-01 -1.076791551895439625e-03
3.125956356525421143e-01 7.302412390708923340e-01 1.346458448097109795e-04
3.896821439266204834e-01 7.759600877761840820e-01 1.190669951029121876e-03
4.715330600738525391e-01 8.247638344764709473e-01 2.083956729620695114e-03
5.582280755043029785e-01 8.747432231903076172e-01 2.848213072866201401e-03
6.495861411094665527e-01 9.231709241867065430e-01 3.566331462934613228e-03
7.450858950614929199e-01 9.664204120635986328e-01 4.368850030004978180e-03
8.437895774841308594e-01 9.999980926513671875e-01 5.416361149400472641e-03
9.442822933197021484e-01 1.018734812736511230e+00 6.862002890557050705e-03
1.044641137123107910e+00 1.017163515090942383e+00 8.796572685241699219e-03
1.142447829246520996e+00 9.900871515274047852e-01 1.118778530508279800e-02
1.234853863716125488e+00 9.333081841468811035e-01 1.383536122739315033e-02
1.318711996078491211e+00 8.444521427154541016e-01 1.637450791895389557e-02
1.390796661376953125e+00 7.237659096717834473e-01 1.836010999977588654e-02
1.448135256767272949e+00 5.746966600418090820e-01 1.942849531769752502e-02
1.488410592079162598e+00 4.039776921272277832e-01 1.945937052369117737e-02
1.510306596755981445e+00 2.209870070219039917e-01 1.862708665430545807e-02
1.513667106628417969e+00 3.640955686569213867e-02 1.730559393763542175e-02
1.499430418014526367e+00 -1.394158452749252319e-01 1.589660719037055969e-02
1.469402313232421875e+00 -2.979354262351989746e-01 1.467768102884292603e-02
1.425964236259460449e+00 -4.332329034805297852e-01 1.373082585632801056e-02
1.371789813041687012e+00 -5.422257184982299805e-01 1.296384353190660477e-02
1.309604287147521973e+00 -6.243572831153869629e-01 1.219422835856676102e-02
1.241997241973876953e+00 -6.810134053230285645e-01 1.124282274395227432e-02
1.171290040016174316e+00 -7.148652076721191406e-01 9.995273314416408539e-03
1.099453687667846680e+00 -7.292755842208862305e-01 8.419134654104709625e-03
1.028074026107788086e+00 -7.278336882591247559e-01 6.548751611262559891e-03
9.583553671836853027e-01 -7.140282988548278809e-01 4.457240458577871323e-03
8.911527395248413086e-01 -6.910419464111328125e-01 2.230836777016520500e-03
8.270239233970642090e-01 -6.616371870040893555e-01 -4.734494723379611969e-05
7.662905454635620117e-01 -6.281102895736694336e-01 -2.303801476955413818e-03
7.090992927551269531e-01 -5.922920107841491699e-01 -4.475193563848733902e-03
6.554753780364990234e-01 -5.555817484855651855e-01 -6.507005542516708374e-03
6.053650975227355957e-01 -5.190026760101318359e-01 -8.353266865015029907e-03
5.586656332015991211e-01 -4.832674562931060791e-01 -9.977725334465503693e-03
5.152449607849121094e-01 -4.488449990749359131e-01 -1.135561335831880569e-02
4.749543070793151855e-01 -4.160214066505432129e-01 -1.247485261410474777e-02
4.376356303691864014e-01 -3.849514126777648926e-01 -1.333587244153022766e-02
4.031265377998352051e-01 -3.556987047195434570e-01 -1.395015418529510498e-02
3.712637424468994141e-01 -3.282662928104400635e-01 -1.433780882507562637e-02
3.418855071067810059e-01 -3.026182651519775391e-01 -1.452472805976867676e-02
3.148334026336669922e-01 -2.786950170993804932e-01 -1.453994028270244598e-02
2.899536490440368652e-01 -2.564236521720886230e-01 -1.441324315965175629e-02
2.670980393886566162e-01 -2.357249706983566284e-01 -1.417344529181718826e-02
2.461245805025100708e-01 -2.165179103612899780e-01 -1.384716108441352844e-02
2.268977314233779907e-01 -1.987225413322448730e-01 -1.345803402364253998e-02
2.092884927988052368e-01 -1.822618693113327026e-01 -1.302642282098531723e-02
1.931742727756500244e-01 -1.670629382133483887e-01 -1.256933249533176422e-02
1.784387379884719849e-01 -1.530576199293136597e-01 -1.210059691220521927e-02
1.649714261293411255e-01 -1.401827782392501831e-01 -1.163113582879304886e-02
1.526673585176467896e-01 -1.283806115388870239e-01 -1.116930600255727768e-02
1.414266526699066162e-01 -1.175986453890800476e-01 -1.072127278894186020e-02
1.311539560556411743e-01 -1.077897772192955017e-01 -1.029135659337043762e-02
1.217580512166023254e-01 -9.891224652528762817e-02 -9.882402606308460236e-03
1.131513193249702454e-01 -9.092964977025985718e-02 -9.496076963841915131e-03
1.052492037415504456e-01 -8.381088078022003174e-02 -9.133135899901390076e-03
9.796970337629318237e-02 -7.753016799688339233e-02 -8.793667890131473541e-03
9.123286604881286621e-02 -7.206721603870391846e-02 -8.477262221276760101e-03
8.496019244194030762e-02 -6.740713864564895630e-02 -8.183194324374198914e-03
7.907412946224212646e-02 -6.354067474603652954e-02 -7.910544984042644501e-03
7.349744439125061035e-02 -6.046434491872787476e-02 -7.658291608095169067e-03
6.815268099308013916e-02 -5.818060413002967834e-02 -7.425442803651094437e-03
6.296149641275405884e-02 -5.669822171330451965e-02 -7.211044896394014359e-03
5.784408003091812134e-02 -5.603247135877609253e-02 -7.014276459813117981e-03
5.271833389997482300e-02 -5.620559304952621460e-02 -6.834466941654682159e-03
4.749928787350654602e-02 -5.724724009633064270e-02 -6.671151146292686462e-03
4.209821298718452454e-02 -5.919499695301055908e-02 -6.524067837744951248e-03
3.642179816961288452e-02 -6.209491938352584839e-02 -6.393217947334051132e-03
3.037128224968910217e-02 -6.600225716829299927e-02 -6.278881803154945374e-03
2.384146302938461304e-02 -7.098223268985748291e-02 -6.181658711284399033e-03
1.671957038342952728e-02 -7.711084187030792236e-02 -6.102461367845535278e-03
8.884203620254993439e-03 -8.447575569152832031e-02 -6.042613182216882706e-03
2.039698883891105652e-04 -9.317733347415924072e-02 -6.003831978887319565e-03
-9.463762864470481873e-03 -1.033295840024948120e-01 -5.988298449665307999e-03
-2.027441561222076416e-02 -1.150612980127334595e-01 -5.998678505420684814e-03
-3.239766880869865417e-02 -1.285168677568435669e-01 -6.038249935954809189e-03
-4.601918533444404602e-02 -1.438571065664291382e-01 -6.110801827162504196e-03
-6.134217232465744019e-02 -1.612596809864044189e-01 -6.220767274498939514e-03
-7.858919352293014526e-02 -1.809189021587371826e-01 -6.373116280883550644e-03
-9.800358116626739502e-02 -2.030446082353591919e-01 -6.573245394974946976e-03
-1.198508515954017639e-01 -2.278596758842468262e-01 -6.826685741543769836e-03
-1.444195061922073364e-01 -2.555952072143554688e-01 -7.138640619814395905e-03
-1.720211356878280640e-01 -2.864827811717987061e-01 -7.513091899454593658e-03
-2.029892951250076294e-01 -3.207422792911529541e-01 -7.951448671519756317e-03
-2.376765459775924683e-01 -3.585637807846069336e-01 -8.450452238321304321e-03
-2.764490246772766113e-01 -4.000817835330963135e-01 -8.999145589768886566e-03
-3.196774125099182129e-01 -4.453397691249847412e-01 -9.574831463396549225e-03
