0.000000000000000000e+00
9.803921729326248169e-02
1.960784345865249634e-01
2.941176593303680420e-01
3.921568691730499268e-01
4.901960790157318115e-01
5.882353186607360840e-01
6.862745285034179688e-01
7.843137383460998535e-01
8.823529481887817383e-01
9.803921580314636230e-01
1.078431367874145508e+00
1.176470637321472168e+00
1.274509787559509277e+00
1.372549057006835938e+00
1.470588207244873047e+00
1.568627476692199707e+00
1.666666746139526367e+00
1.764705896377563477e+00
1.862745165824890137e+00
1.960784316062927246e+00
2.058823585510253906e+00
2.156862735748291016e+00
2.254901885986328125e+00
2.352941274642944336e+00
2.450980424880981445e+00
2.549019575119018555e+00
2.647058963775634766e+00
2.745098114013671875e+00
2.843137264251708984e+00
2.941176414489746094e+00
3.039215803146362305e+00
3.137254953384399414e+00
3.235294103622436523e+00
3.333333492279052734e+00
3.431372642517089844e+00
3.529411792755126953e+00
3.627450942993164062e+00
3.725490331649780273e+00
3.823529481887817383e+00
3.921568632125854492e+00
4.019608020782470703e+00
4.117647171020507812e+00
4.215686321258544922e+00
4.313725471496582031e+00
4.411764621734619141e+00
4.509803771972656250e+00
4.607843399047851562e+00
4.705882549285888672e+00
4.803921699523925781e+00
4.901960849761962891e+00
5.000000000000000000e+00
5.098039150238037109e+00
5.196078300476074219e+00
5.294117927551269531e+00
5.392157077789306641e+00
5.490196228027343750e+00
5.588235378265380859e+00
5.686274528503417969e+00
5.784313678741455078e+00
5.882352828979492188e+00
5.980392456054687500e+00
6.078431606292724609e+00
6.176470756530761719e+00
6.274509906768798828e+00
6.372549057006835938e+00
6.470588207244873047e+00
6.568627357482910156e+00
6.666666984558105469e+00
6.764706134796142578e+00
6.862745285034179688e+00
6.960784435272216797e+00
7.058823585510253906e+00
7.156862735748291016e+00
7.254901885986328125e+00
7.352941513061523438e+00
7.450980663299560547e+00
7.549019813537597656e+00
7.647058963775634766e+00
7.745098114013671875e+00
7.843137264251708984e+00
7.941176414489746094e+00
8.039216041564941406e+00
8.137254714965820312e+00
8.235294342041015625e+00
8.333333015441894531e+00
8.431372642517089844e+00
8.529412269592285156e+00
8.627450942993164062e+00
8.725490570068359375e+00
8.823529243469238281e+00
8.921568870544433594e+00
9.019607543945312500e+00
9.117647171020507812e+00
9.215686798095703125e+00
9.313725471496582031e+00
9.411765098571777344e+00
9.509803771972656250e+00
9.607843399047851562e+00
9.705882072448730469e+00
9.803921699523925781e+00
9.901961326599121094e+00
1.000000000000000000e+01
1.009803962707519531e+01
1.019607830047607422e+01
1.029411792755126953e+01
1.039215660095214844e+01
1.049019622802734375e+01
1.058823585510253906e+01
1.068627452850341797e+01
1.078431415557861328e+01
1.088235282897949219e+01
1.098039245605468750e+01
1.107843112945556641e+01
1.117647075653076172e+01
1.127451038360595703e+01
1.137254905700683594e+01
1.147058868408203125e+01
1.156862735748291016e+01
1.166666698455810547e+01
1.176470565795898438e+01
1.186274528503417969e+01
1.196078491210937500e+01
1.205882358551025391e+01
1.215686321258544922e+01
1.225490188598632812e+01
1.235294151306152344e+01
1.245098018646240234e+01
1.254901981353759766e+01
1.264705944061279297e+01
1.274509811401367188e+01
1.284313774108886719e+01
1.294117641448974609e+01
1.303921604156494141e+01
1.313725471496582031e+01
1.323529434204101562e+01
1.333333396911621094e+01
1.343137264251708984e+01
1.352941226959228516e+01
1.362745094299316406e+01
1.372549057006835938e+01
1.382352924346923828e+01
1.392156887054443359e+01
1.401960849761962891e+01
1.411764717102050781e+01
1.421568679809570312e+01
1.431372547149658203e+01
1.441176509857177734e+01
1.450980377197265625e+01
1.460784339904785156e+01
1.470588302612304688e+01
1.480392169952392578e+01
1.490196132659912109e+01
1.500000000000000000e+01
1.509803962707519531e+01
1.519607830047607422e+01
1.529411792755126953e+01
1.539215755462646484e+01
1.549019622802734375e+01
1.558823585510253906e+01
1.568627452850341797e+01
1.578431415557861328e+01
1.588235282897949219e+01
1.598039245605468750e+01
1.607843208312988281e+01
1.617647171020507812e+01
1.627450942993164062e+01
1.637254905700683594e+01
1.647058868408203125e+01
1.656862831115722656e+01
1.666666603088378906e+01
1.676470565795898438e+01
1.686274528503417969e+01
1.696078491210937500e+01
1.705882453918457031e+01
1.715686225891113281e+01
1.725490188598632812e+01
1.735294151306152344e+01
1.745098114013671875e+01
1.754902076721191406e+01
1.764705848693847656e+01
1.774509811401367188e+01
1.784313774108886719e+01
1.794117736816406250e+01
1.803921508789062500e+01
1.813725471496582031e+01
1.823529434204101562e+01
1.833333396911621094e+01
1.843137359619140625e+01
1.852941131591796875e+01
1.862745094299316406e+01
1.872549057006835938e+01
1.882353019714355469e+01
1.892156982421875000e+01
1.901960754394531250e+01
1.911764717102050781e+01
1.921568679809570312e+01
1.931372642517089844e+01
1.941176414489746094e+01
1.950980377197265625e+01
1.960784339904785156e+01
1.970588302612304688e+01
1.980392265319824219e+01
1.990196037292480469e+01
2.000000000000000000e+01
2.009803962707519531e+01
2.019607925415039062e+01
2.029411888122558594e+01
2.039215660095214844e+01
2.049019622802734375e+01
2.058823585510253906e+01
2.068627548217773438e+01
2.078431320190429688e+01
2.088235282897949219e+01
2.098039245605468750e+01
2.107843208312988281e+01
2.117647171020507812e+01
2.127450942993164062e+01
2.137254905700683594e+01
2.147058868408203125e+01
2.156862831115722656e+01
2.166666793823242188e+01
2.176470565795898438e+01
2.186274528503417969e+01
2.196078491210937500e+01
2.205882453918457031e+01
2.215686225891113281e+01
2.225490188598632812e+01
2.235294151306152344e+01
2.245098114013671875e+01
2.254902076721191406e+01
2.264705848693847656e+01
2.274509811401367188e+01
2.284313774108886719e+01
2.294117736816406250e+01
2.303921699523925781e+01
2.313725471496582031e+01
2.323529434204101562e+01
2.333333396911621094e+01
2.343137359619140625e+01
2.352941131591796875e+01
2.362745094299316406e+01
2.372549057006835938e+01
2.382353019714355469e+01
2.392156982421875000e+01
2.401960754394531250e+01
2.411764717102050781e+01
2.421568679809570312e+01
2.431372642517089844e+01
2.441176605224609375e+01
2.450980377197265625e+01
2.460784339904785156e+01
2.470588302612304688e+01
2.480392265319824219e+01
2.490196037292480469e+01
2.500000000000000000e+01
