1.000000014901161194e-01 0.000000000000000000e+00 0.000000000000000000e+00
1.023981198668479919e-01 4.307841137051582336e-02 -9.949179738759994507e-02
1.085141077637672424e-01 8.162809163331985474e-02 -9.484994411468505859e-02
1.184100285172462463e-01 1.149829551577568054e-01 -1.864948868751525879e-01
1.311201751232147217e-01 1.497828811407089233e-01 -8.174319565296173096e-02
1.477271020412445068e-01 1.875265538692474365e-01 -1.036974042654037476e-01
1.679112613201141357e-01 2.226404249668121338e-01 -1.284944415092468262e-01
1.914041191339492798e-01 2.632843255996704102e-01 -1.689210534095764160e-03
2.194717228412628174e-01 3.165330886840820312e-01 1.369129717350006104e-01
2.534011006355285645e-01 3.762425184249877930e-01 1.545950472354888916e-01
2.932463586330413818e-01 4.278093576431274414e-01 -1.224204897880554199e-03
3.373835980892181396e-01 4.769131243228912354e-01 8.320524543523788452e-02
3.867184817790985107e-01 5.356804132461547852e-01 2.050483524799346924e-01
4.423577487468719482e-01 6.007696390151977539e-01 2.448909282684326172e-01
5.045008659362792969e-01 6.580865383148193359e-01 1.027116179466247559e-01
5.714787244796752930e-01 7.071642279624938965e-01 1.119473949074745178e-01
6.431567668914794922e-01 7.639032006263732910e-01 3.186388015747070312e-01
7.211466431617736816e-01 8.204068541526794434e-01 2.622343003749847412e-01
8.040468692779541016e-01 8.607710599899291992e-01 1.708311140537261963e-01
8.899691700935363770e-01 8.880376219749450684e-01 2.206642031669616699e-01
9.781386852264404297e-01 9.022122621536254883e-01 2.273954153060913086e-01
1.066866159439086914e+00 8.961715102195739746e-01 2.151376903057098389e-01
1.153870224952697754e+00 8.601000905036926270e-01 1.147282123565673828e-01
1.235591411590576172e+00 7.964490056037902832e-01 1.927670389413833618e-01
1.310048341751098633e+00 7.000744342803955078e-01 7.145623117685317993e-02
1.373012900352478027e+00 5.589708685874938965e-01 -1.119041442871093750e-01
1.419892072677612305e+00 3.858595490455627441e-01 -7.926851511001586914e-02
1.448856353759765625e+00 1.936334371566772461e-01 -1.124066561460494995e-01
1.458112239837646484e+00 -2.125404775142669678e-02 -3.287718296051025391e-01
1.445067167282104492e+00 -2.402115911245346069e-01 -2.648272216320037842e-01
1.411255002021789551e+00 -4.439523220062255859e-01 -2.833728194236755371e-01
1.358270883560180664e+00 -6.250479817390441895e-01 -2.652467191219329834e-01
1.288886427879333496e+00 -7.738369107246398926e-01 -2.087386250495910645e-01
1.206652998924255371e+00 -8.926944136619567871e-01 -2.676757574081420898e-01
1.113974809646606445e+00 -9.809824228286743164e-01 -2.054897844791412354e-01
1.014326691627502441e+00 -1.023718476295471191e+00 9.632873535156250000e-02
9.131027460098266602e-01 -1.018692493438720703e+00 3.471471667289733887e-01
8.144419789314270020e-01 -9.910101294517517090e-01 2.912709116935729980e-01
7.188083529472351074e-01 -9.613119363784790039e-01 1.977203339338302612e-01
6.259953379631042480e-01 -9.233289361000061035e-01 3.243038058280944824e-01
5.376898646354675293e-01 -8.719288110733032227e-01 4.321750998497009277e-01
4.549695849418640137e-01 -8.203641176223754883e-01 3.584772348403930664e-01
3.768812119960784912e-01 -7.796155214309692383e-01 2.557305991649627686e-01
3.021689653396606445e-01 -7.390056848526000977e-01 3.887636065483093262e-01
2.319106757640838623e-01 -7.050418853759765625e-01 2.274688780307769775e-01
1.640263348817825317e-01 -6.914107203483581543e-01 4.971730709075927734e-02
9.644663333892822266e-02 -6.957327723503112793e-01 -7.286427915096282959e-02
2.767927199602127075e-02 -7.032796144485473633e-01 3.092190623283386230e-02
-4.151099175214767456e-02 -7.137309908866882324e-01 -3.697344288229942322e-02
-1.122296825051307678e-01 -7.242444157600402832e-01 8.023292571306228638e-02
-1.835877448320388794e-01 -7.355472445487976074e-01 3.387154638767242432e-02
-2.564289867877960205e-01 -7.375490069389343262e-01 2.933417856693267822e-01
-3.283528089523315430e-01 -7.302358150482177734e-01 3.015049099922180176e-01
-3.996151089668273926e-01 -7.262607812881469727e-01 2.589675784111022949e-01
-4.707318842411041260e-01 -7.273102402687072754e-01 2.037108093500137329e-01
-5.421939492225646973e-01 -7.316054701805114746e-01 1.663120687007904053e-01
-6.141636967658996582e-01 -7.358698844909667969e-01 1.471341997385025024e-01
-6.864724755287170410e-01 -7.475051283836364746e-01 -5.378587543964385986e-02
-7.606220245361328125e-01 -7.667111158370971680e-01 -1.524134576320648193e-01
-8.367522358894348145e-01 -7.901498675346374512e-01 -3.156197369098663330e-01
-9.154602885246276855e-01 -7.950941920280456543e-01 -6.192068755626678467e-02
-9.927912950515747070e-01 -7.679956555366516113e-01 5.816616117954254150e-02
-1.066126704216003418e+00 -7.131675481796264648e-01 1.647739559412002563e-01
-1.132717251777648926e+00 -6.413232088088989258e-01 5.825281888246536255e-02
-1.191869258880615234e+00 -5.661445856094360352e-01 -1.394987553358078003e-01
-1.243680715560913086e+00 -4.748921394348144531e-01 -2.757998555898666382e-02
-1.285120129585266113e+00 -3.594208955764770508e-01 1.429057307541370392e-02
-1.314283013343811035e+00 -2.357884943485260010e-01 -1.171291097998619080e-01
-1.331407189369201660e+00 -1.012259870767593384e-01 2.672162652015686035e-02
-1.334340333938598633e+00 5.076700448989868164e-02 1.720189452171325684e-01
-1.321682333946228027e+00 1.985055804252624512e-01 4.314098507165908813e-02
-1.295501589775085449e+00 3.225153088569641113e-01 -1.076457053422927856e-01
-1.258486986160278320e+00 4.301177859306335449e-01 -2.567957341670989990e-02
-1.211303591728210449e+00 5.246645212173461914e-01 -1.429975219070911407e-02
-1.155694365501403809e+00 6.039049029350280762e-01 4.508118331432342529e-02
-1.092978239059448242e+00 6.664572954177856445e-01 4.720759391784667969e-02
-1.025054812431335449e+00 7.113896608352661133e-01 6.266276538372039795e-02
-9.535193443298339844e-01 7.457875013351440430e-01 1.646270900964736938e-01
-8.788886070251464844e-01 7.580658197402954102e-01 -5.641600489616394043e-02
-8.047596812248229980e-01 7.456517815589904785e-01 -1.189391016960144043e-01
-7.326427102088928223e-01 7.173764109611511230e-01 -1.996268332004547119e-01
-6.640467643737792969e-01 6.853706240653991699e-01 -8.956884592771530151e-02
-5.983136296272277832e-01 6.543392539024353027e-01 -7.972027361392974854e-02
-5.357487201690673828e-01 6.122418642044067383e-01 -2.388018071651458740e-01
-4.781771600246429443e-01 5.586895346641540527e-01 -2.949085533618927002e-01
-4.261736273765563965e-01 5.066765546798706055e-01 -2.097712755203247070e-01
-3.788826167583465576e-01 4.642357826232910156e-01 -9.553283452987670898e-02
-3.352176845073699951e-01 4.256296753883361816e-01 -1.115467101335525513e-01
-2.954227030277252197e-01 3.905439376831054688e-01 -3.165068477392196655e-02
-2.586921751499176025e-01 3.416960835456848145e-01 -3.447262346744537354e-01
-2.282536178827285767e-01 2.894110083580017090e-01 -1.593283563852310181e-01
-2.020615339279174805e-01 2.465627938508987427e-01 -1.254118531942367554e-01
-1.799360960721969604e-01 2.073203623294830322e-01 -7.299512624740600586e-02
-1.614485681056976318e-01 1.735779345035552979e-01 4.566445946693420410e-03
-1.459525674581527710e-01 1.433938741683959961e-01 3.116215951740741730e-02
-1.333534717559814453e-01 1.199044436216354370e-01 1.588474512100219727e-01
-1.225197538733482361e-01 9.411660581827163696e-02 4.441177099943161011e-02
-1.148386523127555847e-01 6.210878118872642517e-02 4.866325482726097107e-02
-1.103505864739418030e-01 2.428035810589790344e-02 -3.281411901116371155e-02
-1.100389286875724792e-01 -1.867514848709106445e-02 -3.313524648547172546e-02
-1.140212565660476685e-01 -6.257835030555725098e-02 -1.859821379184722900e-02
-1.223267167806625366e-01 -9.927992522716522217e-02 1.368907392024993896e-01
-1.335845589637756348e-01 -1.313113868236541748e-01 1.382807791233062744e-01
-1.480810344219207764e-01 -1.610551476478576660e-01 2.184083461761474609e-01
-1.652155667543411255e-01 -1.865732371807098389e-01 2.723272740840911865e-01
-1.846995055675506592e-01 -2.157059013843536377e-01 2.020372599363327026e-01
-2.074758112430572510e-01 -2.500944137573242188e-01 1.967001259326934814e-01
-2.337408363819122314e-01 -2.882997691631317139e-01 1.640559881925582886e-01
-2.639932930469512939e-01 -3.354205787181854248e-01 5.654207617044448853e-02
-2.994562387466430664e-01 -3.917786777019500732e-01 -1.727834343910217285e-03
-3.407885730266571045e-01 -4.354830086231231689e-01 2.997017204761505127e-01
-3.850231766700744629e-01 -4.695701897144317627e-01 2.595509290695190430e-01
-4.328423738479614258e-01 -5.089278817176818848e-01 2.076528221368789673e-01
-4.847874641418457031e-01 -5.627851486206054688e-01 -1.803688704967498779e-02
-5.430687665939331055e-01 -6.307586431503295898e-01 -1.185190826654434204e-01
-6.084116101264953613e-01 -6.905091404914855957e-01 6.820644438266754150e-02
-6.785669326782226562e-01 -7.391849756240844727e-01 5.191475898027420044e-02
-7.533379197120666504e-01 -7.881485223770141602e-01 -5.025130882859230042e-02
-8.330433368682861328e-01 -8.316766619682312012e-01 -3.084390237927436829e-02
-9.164137840270996094e-01 -8.639148473739624023e-01 -6.319731473922729492e-02
-1.002411842346191406e+00 -8.690030574798583984e-01 1.647217571735382080e-01
-1.086928486824035645e+00 -8.401314020156860352e-01 2.378841638565063477e-01
-1.167200922966003418e+00 -7.842600345611572266e-01 2.458057403564453125e-01
-1.240749716758728027e+00 -6.932282447814941406e-01 4.120932221412658691e-01
-1.303289651870727539e+00 -5.771420598030090332e-01 2.579605579376220703e-01
-1.353945612907409668e+00 -4.453853964805603027e-01 2.217175811529159546e-01
-1.390737891197204590e+00 -3.029950857162475586e-01 6.484147906303405762e-02
-1.413435578346252441e+00 -1.588784903287887573e-01 -5.787941813468933105e-02
-1.421996355056762695e+00 -1.364867389202117920e-02 -1.015065088868141174e-01
-1.416262269020080566e+00 1.313255280256271362e-01 -1.051665917038917542e-01
-1.396416425704956055e+00 2.833314538002014160e-01 1.231257021427154541e-01
-1.360996961593627930e+00 4.301545023918151855e-01 6.827175617218017578e-02
-1.312205791473388672e+00 5.546026825904846191e-01 3.253310173749923706e-02
-1.252358436584472656e+00 6.572503447532653809e-01 5.093192309141159058e-02
-1.183434367179870605e+00 7.341552972793579102e-01 -2.719190344214439392e-02
-1.108424425125122070e+00 7.782682776451110840e-01 -1.748178154230117798e-01
-1.030782103538513184e+00 8.068508505821228027e-01 7.780045270919799805e-04
-9.503251314163208008e-01 8.212830424308776855e-01 -1.149536222219467163e-01
-8.696873784065246582e-01 8.091633915901184082e-01 -2.880321145057678223e-01
-7.915654182434082031e-01 7.862740755081176758e-01 -1.935047209262847900e-01
-7.155615091323852539e-01 7.688161134719848633e-01 -7.091126590967178345e-02
-6.408817768096923828e-01 7.445780634880065918e-01 -2.377026379108428955e-01
-5.694707036018371582e-01 7.172065973281860352e-01 -1.462913155555725098e-01
-5.003046393394470215e-01 6.948370933532714844e-01 -1.388294696807861328e-01
-4.332341849803924561e-01 6.782786846160888672e-01 -7.023517787456512451e-02
-3.673503696918487549e-01 6.700336337089538574e-01 -1.844200119376182556e-02
-3.018869161605834961e-01 6.729050278663635254e-01 8.789767324924468994e-02
-2.354699373245239258e-01 6.906319856643676758e-01 2.126117944717407227e-01
-1.665384769439697266e-01 7.123957872390747070e-01 1.178224757313728333e-01
-9.572730213403701782e-02 7.216064929962158203e-01 -1.169202923774719238e-01
-2.491225302219390869e-02 7.228236794471740723e-01 -1.647683680057525635e-01
4.602829366922378540e-02 7.289794683456420898e-01 -1.226269751787185669e-01
1.179999113082885742e-01 7.522230148315429688e-01 7.739093154668807983e-02
1.934114694595336914e-01 7.779913544654846191e-01 -1.054771170020103455e-01
2.706557512283325195e-01 8.009120225906372070e-01 -7.663501054048538208e-02
3.504393696784973145e-01 8.230370283126831055e-01 -1.625146269798278809e-01
4.320868849754333496e-01 8.422687053680419922e-01 -1.756763011217117310e-01
5.155991911888122559e-01 8.696932792663574219e-01 -1.433737576007843018e-02
6.025255918502807617e-01 9.046028852462768555e-01 3.464366123080253601e-02
6.929453015327453613e-01 9.344396591186523438e-01 -1.009516417980194092e-02
7.857727408409118652e-01 9.492166638374328613e-01 -1.065898910164833069e-01
8.791188597679138184e-01 9.405088424682617188e-01 -2.507571578025817871e-01
9.702702164649963379e-01 9.117495417594909668e-01 -2.244759202003479004e-01
1.057893991470336914e+00 8.798823952674865723e-01 4.609309136867523193e-02
1.142671823501586914e+00 8.352281451225280762e-01 1.360800303518772125e-02
1.221712350845336914e+00 7.706984877586364746e-01 1.524121463298797607e-01
1.293769001960754395e+00 6.864501833915710449e-01 1.917931735515594482e-01
1.356366991996765137e+00 5.855386257171630859e-01 3.739434778690338135e-01
1.408591508865356445e+00 4.647331833839416504e-01 3.533895611763000488e-01
1.447636604309082031e+00 3.121933341026306152e-01 2.100955694913864136e-01
1.470061302185058594e+00 1.452275067567825317e-01 3.581074774265289307e-01
1.476252317428588867e+00 -2.181656658649444580e-02 3.736261725425720215e-01
1.465993046760559082e+00 -1.756059229373931885e-01 5.762177109718322754e-01
1.441919326782226562e+00 -3.168466091156005859e-01 4.639392495155334473e-01
1.404099464416503906e+00 -4.677028357982635498e-01 7.503023743629455566e-02
1.350585937500000000e+00 -6.249674558639526367e-01 -1.500433981418609619e-01
1.281840801239013672e+00 -7.634494304656982422e-01 -1.400012373924255371e-01
1.201016783714294434e+00 -8.690627217292785645e-01 -9.856037050485610962e-02
1.111499190330505371e+00 -9.404852986335754395e-01 -3.601336851716041565e-02
1.016619682312011719e+00 -9.734936952590942383e-01 1.518051326274871826e-01
9.205315113067626953e-01 -9.757291674613952637e-01 1.912971138954162598e-01
8.252764940261840820e-01 -9.650759696960449219e-01 1.185608953237533569e-01
7.313351631164550781e-01 -9.384095072746276855e-01 2.787010967731475830e-01
6.411797404289245605e-01 -8.981312513351440430e-01 2.858240902423858643e-01
5.552233457565307617e-01 -8.474150896072387695e-01 4.176630973815917969e-01
4.749460816383361816e-01 -7.824913263320922852e-01 5.662652850151062012e-01
4.017148613929748535e-01 -7.073715925216674805e-01 6.604945063591003418e-01
3.362023234367370605e-01 -6.278870701789855957e-01 7.086623311042785645e-01
2.785859704017639160e-01 -5.590711832046508789e-01 5.226958990097045898e-01
2.267006039619445801e-01 -4.967312216758728027e-01 5.943366885185241699e-01
1.811602711677551270e-01 -4.376388490200042725e-01 5.161756873130798340e-01
1.409474611282348633e-01 -3.879374563694000244e-01 4.346295297145843506e-01
1.051526516675949097e-01 -3.586392402648925781e-01 1.429621428251266479e-01
7.080060243606567383e-02 -3.378229439258575439e-01 2.251876145601272583e-01
3.887062892317771912e-02 -3.195059299468994141e-01 1.173023283481597900e-01
8.218729868531227112e-03 -3.059361577033996582e-01 1.131154224276542664e-01
-2.111133188009262085e-02 -2.894338071346282959e-01 1.647045463323593140e-01
-4.855889827013015747e-02 -2.656196951866149902e-01 2.507253587245941162e-01
-7.323765009641647339e-02 -2.430692613124847412e-01 1.497644782066345215e-01
-9.615658223628997803e-02 -2.106472849845886230e-01 3.968278765678405762e-01
-1.146758124232292175e-01 -1.665705740451812744e-01 4.011071920394897461e-01
-1.288103014230728149e-01 -1.192540377378463745e-01 4.384207129478454590e-01
-1.380702555179595947e-01 -5.772962048649787903e-02 6.465010643005371094e-01
-1.402361243963241577e-01 2.971082925796508789e-03 4.399036169052124023e-01
-1.373563706874847412e-01 5.778403952717781067e-02 4.589502215385437012e-01
-1.289055943489074707e-01 1.197205036878585815e-01 5.328550338745117188e-01
-1.139113530516624451e-01 1.844004988670349121e-01 4.784091413021087646e-01
-9.270390123128890991e-02 2.413386404514312744e-01 3.257266879081726074e-01
-6.649068742990493774e-02 2.956350445747375488e-01 3.363960981369018555e-01
-3.473132103681564331e-02 3.624447584152221680e-01 4.916905164718627930e-01
4.501730203628540039e-03 4.390079379081726074e-01 4.787618517875671387e-01
5.137240886688232422e-02 5.155652165412902832e-01 4.127068519592285156e-01
1.056468784809112549e-01 5.917106270790100098e-01 3.737115859985351562e-01
1.674317568540573120e-01 6.698411703109741211e-01 3.525108695030212402e-01
2.370151877403259277e-01 7.559790015220642090e-01 4.271664023399353027e-01
3.156350851058959961e-01 8.403079509735107422e-01 2.512686252593994141e-01
4.018940627574920654e-01 9.211864471435546875e-01 2.547270655632019043e-01
4.962664544582366943e-01 9.990201592445373535e-01 1.496396064758300781e-01
5.978440642356872559e-01 1.076518535614013672e+00 2.227261513471603394e-01
7.073067426681518555e-01 1.157517433166503906e+00 2.911127209663391113e-01
8.247625231742858887e-01 1.230539917945861816e+00 2.471234202384948730e-01
9.485981464385986328e-01 1.288326740264892578e+00 2.855820953845977783e-01
1.077334880828857422e+00 1.322038173675537109e+00 2.571358382701873779e-01
1.207818746566772461e+00 1.318052887916564941e+00 2.223356515169143677e-01
1.335796356201171875e+00 1.264041662216186523e+00 1.661573052406311035e-01
1.455746054649353027e+00 1.151721954345703125e+00 1.507638543844223022e-01
1.561757445335388184e+00 9.766975045204162598e-01 1.269234567880630493e-01
1.647503137588500977e+00 7.492517232894897461e-01 2.852624058723449707e-01
1.708949565887451172e+00 4.776132404804229736e-01 2.894818484783172607e-01
1.741621375083923340e+00 1.731124222278594971e-01 3.289004862308502197e-01
1.743440032005310059e+00 -1.440308690071105957e-01 2.962620854377746582e-01
1.713999986648559570e+00 -4.625663757324218750e-01 7.247672975063323975e-02
1.653443098068237305e+00 -7.518857717514038086e-01 1.369031369686126709e-01
1.567054510116577148e+00 -9.983317255973815918e-01 -9.845420718193054199e-02
1.458197474479675293e+00 -1.190381169319152832e+00 -3.149346634745597839e-02
1.333874821662902832e+00 -1.314491868019104004e+00 4.030740261077880859e-02
1.200553774833679199e+00 -1.386841773986816406e+00 -4.951692745089530945e-02
1.062050104141235352e+00 -1.413085818290710449e+00 9.238070249557495117e-02
9.234147667884826660e-01 -1.409789204597473145e+00 -2.837080508470535278e-02
7.856808900833129883e-01 -1.398064494132995605e+00 -1.148106381297111511e-01
6.493263244628906250e-01 -1.369818210601806641e+00 9.656038135290145874e-02
5.169678926467895508e-01 -1.343680262565612793e+00 -1.248134300112724304e-01
3.859867751598358154e-01 -1.330929517745971680e+00 -1.046512871980667114e-01
2.559946477413177490e-01 -1.327616095542907715e+00 -1.280132532119750977e-01
1.256888210773468018e-01 -1.334793806076049805e+00 -8.568356931209564209e-02
-5.749419331550598145e-03 -1.341892123222351074e+00 1.275084018707275391e-01
-1.375447809696197510e-01 -1.351894617080688477e+00 1.585035622119903564e-01
-2.708403468132019043e-01 -1.360888838768005371e+00 3.867418169975280762e-01
-4.045124650001525879e-01 -1.383284926414489746e+00 1.519269794225692749e-01
-5.419381856918334961e-01 -1.418538093566894531e+00 2.194691747426986694e-01
-6.826946735382080078e-01 -1.470946073532104492e+00 -1.339457035064697266e-01
-8.301581144332885742e-01 -1.528143405914306641e+00 -7.075425982475280762e-02
-9.823536872863769531e-01 -1.570954442024230957e+00 -1.766198277473449707e-01
-1.138115644454956055e+00 -1.593351960182189941e+00 -2.765166461467742920e-01
-1.294708847999572754e+00 -1.567534804344177246e+00 -1.559780836105346680e-01
-1.445555210113525391e+00 -1.476459264755249023e+00 -1.946661174297332764e-01
