# Training_Loss,Validation_Loss
2.861234410665929387e-02 2.351017724722623964e-02
2.407353608869016240e-02 2.337591499090194841e-02
2.402755813673138757e-02 2.336781620979309221e-02
2.402436961419880321e-02 2.336609680205583434e-02
2.402321877889335155e-02 2.336509581655264040e-02
2.401957674883305888e-02 2.336278110742568900e-02
2.401858740486204763e-02 2.336249928921461244e-02
2.401883732527494361e-02 2.336043864488601685e-02
2.401653062552213530e-02 2.335948087275028368e-02
2.401747549884021213e-02 2.336018960922956605e-02
2.401605062186717987e-02 2.335860952734947205e-02
2.401659660972654819e-02 2.335843890905380318e-02
2.401449419558048318e-02 2.335812207311391969e-02
2.401469643227755954e-02 2.335839029401540895e-02
2.401760169304907253e-02 2.335793878883123467e-02
2.402105382643639903e-02 2.336213402450084548e-02
2.406645612791180611e-02 2.349393963813781877e-02
2.403660444542765617e-02 2.335954736918210983e-02
2.401757924817502637e-02 2.337049786001443863e-02
2.404705514200031896e-02 2.336096633225679536e-02
2.402351526543498178e-02 2.337371800094843050e-02
2.412018175236880710e-02 2.337267491966486116e-02
2.403215174563229015e-02 2.335880361497402052e-02
2.401585155166685581e-02 2.335737664252519538e-02
2.402051491662859917e-02 2.340855915099382401e-02
2.405366050079464982e-02 2.345458343625068595e-02
2.409120164811611245e-02 2.349623180925846169e-02
2.409928771667182307e-02 2.335797138512134621e-02
2.401884594000875880e-02 2.335621286183595796e-02
2.402127929963171482e-02 2.335600946098565986e-02
2.402056939899921417e-02 2.336293291300535133e-02
2.406503264792263577e-02 2.336255796253681322e-02
2.402271758764982362e-02 2.336854021996259689e-02
2.402660329826176305e-02 2.335384376347065041e-02
2.409611176699399948e-02 2.352245450019836356e-02
2.430831813253462453e-02 2.341723758727311949e-02
2.411600742489099572e-02 2.336545679718255927e-02
2.402314026840031078e-02 2.335901688784360747e-02
2.401455766521394183e-02 2.336028218269348145e-02
2.401136057451367517e-02 2.335089128464460512e-02
2.401146823540329864e-02 2.335255555808544298e-02
2.401029462926089833e-02 2.335735503584146500e-02
2.401620866730809142e-02 2.335519399493932863e-02
2.401322699151933054e-02 2.335176318883895943e-02
2.401002282276749542e-02 2.335459217429160933e-02
2.401006701402366023e-02 2.335517760366201401e-02
2.401050794869661470e-02 2.335032541304826736e-02
2.401412818580865929e-02 2.335398010909557273e-02
2.404872649349272182e-02 2.342140246182679991e-02
2.403806652873754363e-02 2.335193008184432983e-02
2.401333418674767017e-02 2.335090935230255127e-02
2.402595821768045356e-02 2.336943782866001199e-02
2.403248152695596287e-02 2.337093595415353636e-02
2.404156131669878821e-02 2.340916283428668906e-02
2.402545358054340024e-02 2.338383272290229728e-02
2.403002730570733686e-02 2.337434999644756248e-02
2.403048132546246191e-02 2.336136978119611810e-02
