1.995321065187454224e-01
1.995317339897155762e-01
1.995313912630081177e-01
1.995310485363006592e-01
1.995307207107543945e-01
1.995303928852081299e-01
1.995300799608230591e-01
1.995297819375991821e-01
1.995294839143753052e-01
1.995292156934738159e-01
1.995289474725723267e-01
1.995287090539932251e-01
1.995284706354141235e-01
1.995282471179962158e-01
1.995280385017395020e-01
1.995278447866439819e-01
1.995276510715484619e-01
1.995274722576141357e-01
1.995273083448410034e-01
1.995271444320678711e-01
1.995270103216171265e-01
1.995268613100051880e-01
1.995267271995544434e-01
1.995266079902648926e-01
1.995264887809753418e-01
1.995263844728469849e-01
1.995262801647186279e-01
1.995261907577514648e-01
1.995261013507843018e-01
1.995260268449783325e-01
1.995259374380111694e-01
1.995258629322052002e-01
1.995258033275604248e-01
1.995257288217544556e-01
1.995256692171096802e-01
1.995256096124649048e-01
1.995255351066589355e-01
1.995254904031753540e-01
1.995254307985305786e-01
1.995253860950469971e-01
1.995253264904022217e-01
1.995252817869186401e-01
1.995252221822738647e-01
1.995251774787902832e-01
1.995251476764678955e-01
1.995251029729843140e-01
1.995250731706619263e-01
1.995250284671783447e-01
1.995249986648559570e-01
1.995249688625335693e-01
1.995249539613723755e-01
1.995249390602111816e-01
1.995249241590499878e-01
1.995249241590499878e-01
1.995249241590499878e-01
1.995249390602111816e-01
1.995249539613723755e-01
1.995249688625335693e-01
1.995249986648559570e-01
1.995250433683395386e-01
1.995250880718231201e-01
1.995251625776290894e-01
1.995252370834350586e-01
1.995253264904022217e-01
1.995254307985305786e-01
1.995255500078201294e-01
1.995256841182708740e-01
1.995258182287216187e-01
1.995259970426559448e-01
1.995261758565902710e-01
1.995263695716857910e-01
1.995265930891036987e-01
1.995268315076828003e-01
1.995270997285842896e-01
1.995273679494857788e-01
1.995276659727096558e-01
1.995279937982559204e-01
1.995283365249633789e-01
1.995287090539932251e-01
1.995290964841842651e-01
1.995295137166976929e-01
1.995299607515335083e-01
1.995304375886917114e-01
1.995309144258499146e-01
1.995314210653305054e-01
1.995319575071334839e-01
1.995325237512588501e-01
1.995331048965454102e-01
1.995337307453155518e-01
1.995343714952468872e-01
1.995350420475006104e-01
1.995357125997543335e-01
1.995364278554916382e-01
1.995371580123901367e-01
1.995379030704498291e-01
1.995386779308319092e-01
1.995394676923751831e-01
1.995402872562408447e-01
1.995411217212677002e-01
1.995419710874557495e-01
1.995428353548049927e-01
1.995437890291213989e-01
1.995447725057601929e-01
1.995457559823989868e-01
1.995467692613601685e-01
1.995477825403213501e-01
1.995488256216049194e-01
1.995498687028884888e-01
1.995509266853332520e-01
1.995519995689392090e-01
1.995530724525451660e-01
1.995541602373123169e-01
1.995552480220794678e-01
1.995563507080078125e-01
1.995574384927749634e-01
1.995585411787033081e-01
1.995596438646316528e-01
1.995607465505599976e-01
1.995618343353271484e-01
1.995629370212554932e-01
1.995640248060226440e-01
1.995651125907897949e-01
1.995661854743957520e-01
1.995672583580017090e-01
1.995683163404464722e-01
1.995693743228912354e-01
1.995704174041748047e-01
1.995714604854583740e-01
1.995724737644195557e-01
1.995734870433807373e-01
1.995744705200195312e-01
1.995754539966583252e-01
1.995764225721359253e-01
1.995773762464523315e-01
1.995783150196075439e-01
1.995792388916015625e-01
1.995801478624343872e-01
1.995810270309448242e-01
1.995819061994552612e-01
1.995827704668045044e-01
1.995836049318313599e-01
1.995844244956970215e-01
1.995852440595626831e-01
1.995860338211059570e-01
1.995868235826492310e-01
1.995875984430313110e-01
1.995883584022521973e-01
1.995891034603118896e-01
1.995898336172103882e-01
1.995905488729476929e-01
1.995912641286849976e-01
1.995919495820999146e-01
1.995926350355148315e-01
1.995933055877685547e-01
1.995939612388610840e-01
1.995946168899536133e-01
1.995952576398849487e-01
1.995958983898162842e-01
1.995965391397476196e-01
1.995971649885177612e-01
1.995977908372879028e-01
1.995984017848968506e-01
1.995990127325057983e-01
1.995996385812759399e-01
1.996002346277236938e-01
1.996008306741714478e-01
1.996014416217803955e-01
1.996020376682281494e-01
1.996026486158370972e-01
1.996032446622848511e-01
1.996038407087326050e-01
1.996044516563415527e-01
1.996050477027893066e-01
1.996056586503982544e-01
1.996062844991683960e-01
1.996068954467773438e-01
1.996075063943862915e-01
1.996081173419952393e-01
1.996087431907653809e-01
1.996093839406967163e-01
1.996100097894668579e-01
1.996106356382369995e-01
1.996112614870071411e-01
1.996119022369384766e-01
1.996125429868698120e-01
1.996131837368011475e-01
1.996138244867324829e-01
1.996144652366638184e-01
1.996151208877563477e-01
1.996157765388488770e-01
1.996164321899414062e-01
1.996170878410339355e-01
1.996177434921264648e-01
1.996183842420578003e-01
1.996190398931503296e-01
1.996196806430816650e-01
1.996203213930130005e-01
1.996209621429443359e-01
1.996216028928756714e-01
1.996222436428070068e-01
1.996220350265502930e-01
1.996209621429443359e-01
1.996198892593383789e-01
1.996188163757324219e-01
1.996177434921264648e-01
1.996166855096817017e-01
1.996156275272369385e-01
1.996145844459533691e-01
1.996135413646697998e-01
1.996124982833862305e-01
1.996114701032638550e-01
1.996104419231414795e-01
1.996094137430191040e-01
1.996084004640579224e-01
1.996073871850967407e-01
1.996063888072967529e-01
1.996053904294967651e-01
1.996043920516967773e-01
1.996034085750579834e-01
1.996024250984191895e-01
1.996014565229415894e-01
1.996005028486251831e-01
1.995995342731475830e-01
1.995985954999923706e-01
1.995976567268371582e-01
1.995967328548431396e-01
1.995958089828491211e-01
1.995949000120162964e-01
1.995939910411834717e-01
1.995931118726730347e-01
1.995922178030014038e-01
1.995913386344909668e-01
1.995904743671417236e-01
1.995896250009536743e-01
1.995887905359268188e-01
1.995879709720611572e-01
1.995871365070343018e-01
1.995863318443298340e-01
1.995855271816253662e-01
1.995847523212432861e-01
1.995839774608612061e-01
1.995832175016403198e-01
1.995824724435806274e-01
1.995817422866821289e-01
1.995810121297836304e-01
1.995803117752075195e-01
1.995796263217926025e-01
1.995789706707000732e-01
1.995783150196075439e-01
1.995776742696762085e-01
1.995770335197448730e-01
1.995764225721359253e-01
1.995758265256881714e-01
1.995752453804016113e-01
1.995746791362762451e-01
1.995741426944732666e-01
1.995736062526702881e-01
1.995730698108673096e-01
1.995725631713867188e-01
1.995720863342285156e-01
1.995716094970703125e-01
1.995711475610733032e-01
1.995707154273986816e-01
1.995702832937240601e-01
1.995698511600494385e-01
1.995694488286972046e-01
1.995690613985061646e-01
1.995686739683151245e-01
1.995683163404464722e-01
1.995679587125778198e-01
1.995676159858703613e-01
1.995672881603240967e-01
1.995669752359390259e-01
1.995666772127151489e-01
1.995663791894912720e-01
1.995660960674285889e-01
1.995658129453659058e-01
1.995655596256256104e-01
1.995652914047241211e-01
1.995650380849838257e-01
1.995648145675659180e-01
1.995645761489868164e-01
1.995643526315689087e-01
1.995641291141510010e-01
1.995639204978942871e-01
1.995637118816375732e-01
1.995635181665420532e-01
1.995633244514465332e-01
1.995631307363510132e-01
1.995629519224166870e-01
1.995627731084823608e-01
1.995625942945480347e-01
1.995624303817749023e-01
1.995622515678405762e-01
1.995621025562286377e-01
1.995619386434555054e-01
1.995617896318435669e-01
1.995616406202316284e-01
1.995615065097808838e-01
1.995613574981689453e-01
1.995611339807510376e-01
1.995608359575271606e-01
1.995605379343032837e-01
1.995602250099182129e-01
1.995599418878555298e-01
1.995596587657928467e-01
1.995593607425689697e-01
1.995590925216674805e-01
1.995588243007659912e-01
1.995585411787033081e-01
1.995582878589630127e-01
1.995580196380615234e-01
1.995577663183212280e-01
1.995575278997421265e-01
1.995572894811630249e-01
1.995570510625839233e-01
1.995568275451660156e-01
1.995566189289093018e-01
1.995564103126525879e-01
1.995562165975570679e-01
1.995560377836227417e-01
1.995558589696884155e-01
1.995556950569152832e-01
1.995555311441421509e-01
1.995553970336914062e-01
1.995552629232406616e-01
1.995551437139511108e-01
1.995550394058227539e-01
1.995549499988555908e-01
1.995548605918884277e-01
1.995547711849212646e-01
1.995547115802764893e-01
1.995546519756317139e-01
1.995546221733093262e-01
1.995545923709869385e-01
1.995545774698257446e-01
1.995545774698257446e-01
1.995545923709869385e-01
1.995546221733093262e-01
1.995546519756317139e-01
1.995547115802764893e-01
1.995547711849212646e-01
1.995548605918884277e-01
1.995549350976943970e-01
1.995550245046615601e-01
1.995551288127899170e-01
1.995552480220794678e-01
1.995553672313690186e-01
1.995555013418197632e-01
1.995556354522705078e-01
1.995557844638824463e-01
1.995559334754943848e-01
1.995560973882675171e-01
1.995562613010406494e-01
1.995564401149749756e-01
1.995566189289093018e-01
1.995567977428436279e-01
1.995569914579391479e-01
1.995571702718734741e-01
1.995573490858078003e-01
1.995575428009033203e-01
1.995577216148376465e-01
1.995579004287719727e-01
1.995580792427062988e-01
1.995582729578018188e-01
1.995584517717361450e-01
1.995586156845092773e-01
1.995587944984436035e-01
1.995589435100555420e-01
1.995591074228286743e-01
1.995592564344406128e-01
1.995593905448913574e-01
1.995595246553421021e-01
1.995596438646316528e-01
1.995597630739212036e-01
1.995598673820495605e-01
1.995599567890167236e-01
1.995600312948226929e-01
1.995601058006286621e-01
1.995601505041122437e-01
1.995601952075958252e-01
1.995602250099182129e-01
1.995602548122406006e-01
1.995602697134017944e-01
1.995602697134017944e-01
1.995602548122406006e-01
1.995602250099182129e-01
1.995601952075958252e-01
1.995601356029510498e-01
1.995600759983062744e-01
1.995600014925003052e-01
1.995598971843719482e-01
1.995598077774047852e-01
1.995597034692764282e-01
1.995595842599868774e-01
1.995594650506973267e-01
1.995593309402465820e-01
1.995591819286346436e-01
1.995590329170227051e-01
1.995588690042495728e-01
1.995588392019271851e-01
1.995589435100555420e-01
1.995590329170227051e-01
1.995591372251510620e-01
1.995592117309570312e-01
1.995592713356018066e-01
1.995593309402465820e-01
1.995593607425689697e-01
1.995594054460525513e-01
1.995594352483749390e-01
1.995594501495361328e-01
1.995594650506973267e-01
1.995594650506973267e-01
1.995594650506973267e-01
1.995594501495361328e-01
1.995594352483749390e-01
1.995594203472137451e-01
1.995594054460525513e-01
1.995593756437301636e-01
1.995593607425689697e-01
1.995593309402465820e-01
1.995593011379241943e-01
1.995592713356018066e-01
1.995592564344406128e-01
1.995592266321182251e-01
1.995591968297958374e-01
1.995591670274734497e-01
1.995591372251510620e-01
1.995591223239898682e-01
1.995590925216674805e-01
1.995590627193450928e-01
1.995590329170227051e-01
1.995590180158615112e-01
1.995589882135391235e-01
1.995589584112167358e-01
1.995589286088943481e-01
1.995589137077331543e-01
1.995588839054107666e-01
1.995588541030883789e-01
1.995588243007659912e-01
1.995588093996047974e-01
1.995587795972824097e-01
1.995587497949600220e-01
1.995587199926376343e-01
1.995587050914764404e-01
1.995586752891540527e-01
1.995586454868316650e-01
1.995586156845092773e-01
1.995585709810256958e-01
1.995585262775421143e-01
1.995584815740585327e-01
1.995584219694137573e-01
1.995583772659301758e-01
1.995583027601242065e-01
1.995582282543182373e-01
1.995581537485122681e-01
1.995580643415451050e-01
1.995579600334167480e-01
1.995578557252883911e-01
1.995577514171600342e-01
1.995576173067092896e-01
1.995574682950973511e-01
1.995573192834854126e-01
1.995571404695510864e-01
1.995569616556167603e-01
1.995567679405212402e-01
1.995565593242645264e-01
1.995563358068466187e-01
1.995560973882675171e-01
1.995558440685272217e-01
1.995555907487869263e-01
1.995553076267242432e-01
1.995550245046615601e-01
1.995547115802764893e-01
1.995543837547302246e-01
1.995540410280227661e-01
1.995536834001541138e-01
1.995533108711242676e-01
1.995529234409332275e-01
1.995525062084197998e-01
1.995520889759063721e-01
1.995516568422317505e-01
1.995512098073959351e-01
1.995507627725601196e-01
1.995502710342407227e-01
1.995497792959213257e-01
1.995492726564407349e-01
1.995487511157989502e-01
1.995482146739959717e-01
1.995476782321929932e-01
1.995471417903900146e-01
1.995465755462646484e-01
1.995460093021392822e-01
1.995454281568527222e-01
1.995448470115661621e-01
1.995442509651184082e-01
1.995436698198318481e-01
1.995430737733840942e-01
1.995424628257751465e-01
1.995418667793273926e-01
1.995412558317184448e-01
1.995406746864318848e-01
1.995400786399841309e-01
1.995394974946975708e-01
1.995389014482498169e-01
1.995383203029632568e-01
1.995377391576766968e-01
1.995371729135513306e-01
1.995366066694259644e-01
1.995360404253005981e-01
1.995354890823364258e-01
1.995349377393722534e-01
1.995344012975692749e-01
1.995338797569274902e-01
1.995333731174468994e-01
1.995328813791275024e-01
1.995323896408081055e-01
1.995319277048110962e-01
1.995314657688140869e-01
1.995310187339782715e-01
