1.995321065187454224e-01
1.995292603969573975e-01
1.995288729667663574e-01
1.995249688625335693e-01
1.995087116956710815e-01
1.994705200195312500e-01
1.994163841009140015e-01
1.993627101182937622e-01
1.993207931518554688e-01
1.992967277765274048e-01
1.992941051721572876e-01
1.993103623390197754e-01
1.993370354175567627e-01
1.993685215711593628e-01
1.994058936834335327e-01
1.994490623474121094e-01
1.994881927967071533e-01
1.995119750499725342e-01
1.995239108800888062e-01
1.995322853326797485e-01
1.995367109775543213e-01
1.995277404785156250e-01
1.995035558938980103e-01
1.994764506816864014e-01
1.994546055793762207e-01
1.994359940290451050e-01
1.994185447692871094e-01
1.994070559740066528e-01
1.994051337242126465e-01
1.994106173515319824e-01
1.994183659553527832e-01
1.994203329086303711e-01
1.994085162878036499e-01
1.993835121393203735e-01
1.993542015552520752e-01
1.993275284767150879e-01
1.993065774440765381e-01
1.993002444505691528e-01
1.993200629949569702e-01
1.993650943040847778e-01
1.994175910949707031e-01
1.994585692882537842e-01
1.994835734367370605e-01
1.994992941617965698e-01
1.995056122541427612e-01
1.994976550340652466e-01
1.994791179895401001e-01
1.994603127241134644e-01
1.994460076093673706e-01
1.994334459304809570e-01
1.994218081235885620e-01
1.994135230779647827e-01
1.994086652994155884e-01
1.994045525789260864e-01
1.993993222713470459e-01
1.993909925222396851e-01
1.993780136108398438e-01
1.993627101182937622e-01
1.993496865034103394e-01
1.993413418531417847e-01
1.993335336446762085e-01
1.993249803781509399e-01
1.993286758661270142e-01
1.993544697761535645e-01
1.993958503007888794e-01
1.994418352842330933e-01
1.994849592447280884e-01
1.995223313570022583e-01
1.995457112789154053e-01
1.995460987091064453e-01
1.995300054550170898e-01
1.995097696781158447e-01
1.994896829128265381e-01
1.994677782058715820e-01
1.994462907314300537e-01
1.994309574365615845e-01
1.994196772575378418e-01
1.994062066078186035e-01
1.993901878595352173e-01
1.993728578090667725e-01
1.993546634912490845e-01
1.993393152952194214e-01
1.993300020694732666e-01
1.993247419595718384e-01
1.993201375007629395e-01
1.993172317743301392e-01
1.993219256401062012e-01
1.993366330862045288e-01
1.993593871593475342e-01
1.993904858827590942e-01
1.994317173957824707e-01
1.994768977165222168e-01
1.995118707418441772e-01
1.995275318622589111e-01
1.995299011468887329e-01
1.995277553796768188e-01
1.995220631361007690e-01
1.995112299919128418e-01
1.994975805282592773e-01
1.994840800762176514e-01
1.994704008102416992e-01
1.994781494140625000e-01
1.995196491479873657e-01
1.995723694562911987e-01
1.996061354875564575e-01
1.996041089296340942e-01
1.995702236890792847e-01
1.995207220315933228e-01
1.994716972112655640e-01
1.994339972734451294e-01
1.994130611419677734e-01
1.994076967239379883e-01
1.994127780199050903e-01
1.994246989488601685e-01
1.994408518075942993e-01
1.994556188583374023e-01
1.994633823633193970e-01
1.994640827178955078e-01
1.994632035493850708e-01
1.994628310203552246e-01
1.994625031948089600e-01
1.994624584913253784e-01
1.994630098342895508e-01
1.994656771421432495e-01
1.994686722755432129e-01
1.994693875312805176e-01
1.994670331478118896e-01
1.994632333517074585e-01
1.994595676660537720e-01
1.994586139917373657e-01
1.994617730379104614e-01
1.994665414094924927e-01
1.994701176881790161e-01
1.994723230600357056e-01
1.994736790657043457e-01
1.994740664958953857e-01
1.994744092226028442e-01
1.994774043560028076e-01
1.994842886924743652e-01
1.994904577732086182e-01
1.994920372962951660e-01
1.994901895523071289e-01
1.994874030351638794e-01
1.994836479425430298e-01
1.994775235652923584e-01
1.994688808917999268e-01
1.994591057300567627e-01
1.994498670101165771e-01
1.994420886039733887e-01
1.994350999593734741e-01
1.994292736053466797e-01
1.994251012802124023e-01
1.994218826293945312e-01
1.994183808565139771e-01
1.994166076183319092e-01
1.994172185659408569e-01
1.994173675775527954e-01
1.994135230779647827e-01
1.994059234857559204e-01
1.993965506553649902e-01
1.993873715400695801e-01
1.993840783834457397e-01
1.993908882141113281e-01
1.994039118289947510e-01
1.994187682867050171e-01
1.994358748197555542e-01
1.994583457708358765e-01
1.994826495647430420e-01
1.995030492544174194e-01
1.995182782411575317e-01
1.995308548212051392e-01
1.995417028665542603e-01
1.995481997728347778e-01
1.995491236448287964e-01
1.995458751916885376e-01
1.995380818843841553e-01
1.995252817869186401e-01
1.995081305503845215e-01
1.994892507791519165e-01
1.994719803333282471e-01
1.994585096836090088e-01
1.994489878416061401e-01
1.994433999061584473e-01
1.994414478540420532e-01
1.994419544935226440e-01
1.994430869817733765e-01
1.994435936212539673e-01
1.994432955980300903e-01
1.994438171386718750e-01
1.994478553533554077e-01
1.994574964046478271e-01
1.994709819555282593e-01
1.994852870702743530e-01
1.995006054639816284e-01
1.995182633399963379e-01
1.995358169078826904e-01
1.995498389005661011e-01
1.995590329170227051e-01
1.995643079280853271e-01
1.995657682418823242e-01
1.995631307363510132e-01
1.995551437139511108e-01
1.995382457971572876e-01
1.995113790035247803e-01
1.994792968034744263e-01
1.994491219520568848e-01
1.994265615940093994e-01
1.994135230779647827e-01
1.994109004735946655e-01
1.994162499904632568e-01
1.994258463382720947e-01
1.994347125291824341e-01
1.994405090808868408e-01
1.994448155164718628e-01
1.994524151086807251e-01
1.994656175374984741e-01
1.994835138320922852e-01
1.995054781436920166e-01
1.995265334844589233e-01
1.995403915643692017e-01
1.995453834533691406e-01
1.995448172092437744e-01
1.995426118373870850e-01
1.995377391576766968e-01
1.995279490947723389e-01
1.995135992765426636e-01
1.994973719120025635e-01
1.994806528091430664e-01
1.994616538286209106e-01
1.994415074586868286e-01
1.994249224662780762e-01
1.994142830371856689e-01
1.994098573923110962e-01
1.994098126888275146e-01
1.994094550609588623e-01
1.994055211544036865e-01
1.994006037712097168e-01
1.993985176086425781e-01
1.993991881608963013e-01
1.994041651487350464e-01
1.994185447692871094e-01
1.994443386793136597e-01
1.994755864143371582e-01
1.995028853416442871e-01
1.995233297348022461e-01
1.995397806167602539e-01
1.995526552200317383e-01
1.995584815740585327e-01
1.995557993650436401e-01
1.995457559823989868e-01
1.995284855365753174e-01
1.995084732770919800e-01
1.994900554418563843e-01
1.994737684726715088e-01
1.994591504335403442e-01
1.994448304176330566e-01
1.994311660528182983e-01
1.994191706180572510e-01
1.994089633226394653e-01
1.994003951549530029e-01
1.993940025568008423e-01
1.993914395570755005e-01
1.993933171033859253e-01
1.993971914052963257e-01
1.994034945964813232e-01
1.994139701128005981e-01
1.994274705648422241e-01
1.994415968656539917e-01
1.994553357362747192e-01
1.994681209325790405e-01
1.994783729314804077e-01
1.994847953319549561e-01
1.994876265525817871e-01
1.994868665933609009e-01
1.994841992855072021e-01
1.994816809892654419e-01
1.994801014661788940e-01
1.994803249835968018e-01
1.994810104370117188e-01
1.994810253381729126e-01
1.994808316230773926e-01
1.994809359312057495e-01
1.994835734367370605e-01
1.994919776916503906e-01
1.995063424110412598e-01
1.995209753513336182e-01
1.995295137166976929e-01
1.995305866003036499e-01
1.995273381471633911e-01
1.995248049497604370e-01
1.995250284671783447e-01
1.995269805192947388e-01
1.995274871587753296e-01
1.995238363742828369e-01
1.995151042938232422e-01
1.995040625333786011e-01
1.994948685169219971e-01
1.994901746511459351e-01
1.994887888431549072e-01
1.994857192039489746e-01
1.994798034429550171e-01
1.994737684726715088e-01
1.994673460721969604e-01
1.994586139917373657e-01
1.994491219520568848e-01
1.994400024414062500e-01
1.994313150644302368e-01
1.994235515594482422e-01
1.994204819202423096e-01
1.994237303733825684e-01
1.994313150644302368e-01
1.994409859180450439e-01
1.994493454694747925e-01
1.994545161724090576e-01
1.994572728872299194e-01
1.994609087705612183e-01
1.994704008102416992e-01
1.994876116514205933e-01
1.995069533586502075e-01
1.995220482349395752e-01
1.995347142219543457e-01
1.995471417903900146e-01
1.995550543069839478e-01
1.995564103126525879e-01
1.995519250631332397e-01
1.995418965816497803e-01
1.995255649089813232e-01
1.995051354169845581e-01
1.994866430759429932e-01
1.994746476411819458e-01
1.994694471359252930e-01
1.994677633047103882e-01
1.994654387235641479e-01
1.994597315788269043e-01
1.994526982307434082e-01
1.994483321905136108e-01
1.994470059871673584e-01
1.994461417198181152e-01
1.994454860687255859e-01
1.994475424289703369e-01
1.994566768407821655e-01
1.994739472866058350e-01
1.994923204183578491e-01
1.995061635971069336e-01
1.995162218809127808e-01
1.995236128568649292e-01
1.995294392108917236e-01
1.995350867509841919e-01
1.995408236980438232e-01
1.995463520288467407e-01
1.995489299297332764e-01
1.995469778776168823e-01
1.995421499013900757e-01
1.995356082916259766e-01
1.995258778333663940e-01
1.995118558406829834e-01
1.994956582784652710e-01
1.994812190532684326e-01
1.994705498218536377e-01
1.994659602642059326e-01
1.994675099849700928e-01
1.994712799787521362e-01
1.994740962982177734e-01
1.994748115539550781e-01
1.994725614786148071e-01
1.994663029909133911e-01
1.994577646255493164e-01
1.994525790214538574e-01
1.994546651840209961e-01
1.994630098342895508e-01
1.994744241237640381e-01
1.994870901107788086e-01
1.994993835687637329e-01
1.995086669921875000e-01
1.995144337415695190e-01
1.995194852352142334e-01
1.995266228914260864e-01
1.995348781347274780e-01
1.995420008897781372e-01
1.995473057031631470e-01
1.995502561330795288e-01
1.995489597320556641e-01
1.995445340871810913e-01
1.995411217212677002e-01
1.995397508144378662e-01
1.995353102684020996e-01
1.995238810777664185e-01
1.995097100734710693e-01
1.994987130165100098e-01
1.994945406913757324e-01
1.994998008012771606e-01
1.995142698287963867e-01
1.995348334312438965e-01
1.995543390512466431e-01
1.995651125907897949e-01
1.995642483234405518e-01
1.995547562837600708e-01
1.995398104190826416e-01
1.995219141244888306e-01
1.995035707950592041e-01
1.994876265525817871e-01
1.994766741991043091e-01
1.994713991880416870e-01
1.994715780019760132e-01
1.994750201702117920e-01
1.994777023792266846e-01
1.994770467281341553e-01
1.994745135307312012e-01
1.994731873273849487e-01
1.994724571704864502e-01
1.994691640138626099e-01
1.994641125202178955e-01
1.994603872299194336e-01
1.994603723287582397e-01
1.994627267122268677e-01
1.994647830724716187e-01
1.994665861129760742e-01
1.994676887989044189e-01
1.994681060314178467e-01
1.994704902172088623e-01
1.994753777980804443e-01
1.994787454605102539e-01
1.994794011116027832e-01
1.994783878326416016e-01
1.994775533676147461e-01
1.994757950305938721e-01
1.994730383157730103e-01
1.994726359844207764e-01
1.994778662919998169e-01
1.994861364364624023e-01
1.994925141334533691e-01
1.994960457086563110e-01
1.994981169700622559e-01
1.994989514350891113e-01
1.994998008012771606e-01
1.995027959346771240e-01
1.995065659284591675e-01
1.995083391666412354e-01
1.995067596435546875e-01
1.995027512311935425e-01
1.994984745979309082e-01
1.994946897029876709e-01
1.994913220405578613e-01
1.994896531105041504e-01
1.994898766279220581e-01
1.994904130697250366e-01
1.994913518428802490e-01
1.994941681623458862e-01
1.994984447956085205e-01
1.995014846324920654e-01
1.995025128126144409e-01
1.995001435279846191e-01
1.994933336973190308e-01
1.994839012622833252e-01
1.994737535715103149e-01
1.994639337062835693e-01
1.994565129280090332e-01
1.994525492191314697e-01
1.994512230157852173e-01
1.994524300098419189e-01
1.994543373584747314e-01
1.994536519050598145e-01
1.994518637657165527e-01
1.994534730911254883e-01
1.994582265615463257e-01
1.994622647762298584e-01
1.994656324386596680e-01
1.994698196649551392e-01
1.994760781526565552e-01
1.994824409484863281e-01
1.994867920875549316e-01
1.994913071393966675e-01
1.994972378015518188e-01
1.995017230510711670e-01
1.995021104812622070e-01
1.994986981153488159e-01
1.994920372962951660e-01
1.994821876287460327e-01
1.994705796241760254e-01
1.994596570730209351e-01
1.994499713182449341e-01
1.994414180517196655e-01
1.994352042675018311e-01
1.994308233261108398e-01
1.994290947914123535e-01
1.994296759366989136e-01
1.994328945875167847e-01
1.994391530752182007e-01
1.994471102952957153e-01
1.994550228118896484e-01
1.994619518518447876e-01
1.994693875312805176e-01
1.994768232107162476e-01
1.994808316230773926e-01
1.994811892509460449e-01
1.994822025299072266e-01
1.994874477386474609e-01
1.994963288307189941e-01
1.995063275098800659e-01
1.995172947645187378e-01
1.995273232460021973e-01
1.995289921760559082e-01
1.995180398225784302e-01
1.994993686676025391e-01
1.994794458150863647e-01
1.994628608226776123e-01
1.994504481554031372e-01
1.994417607784271240e-01
1.994355767965316772e-01
1.994316130876541138e-01
1.994305551052093506e-01
1.994320005178451538e-01
1.994330585002899170e-01
1.994336396455764771e-01
1.994402855634689331e-01
1.994564235210418701e-01
1.994773149490356445e-01
1.994959115982055664e-01
1.995085626840591431e-01
1.995174288749694824e-01
