# Training_Loss,Validation_Loss
2.654211698099970956e-02 2.394038457423448493e-02
2.402326511219143867e-02 2.389965523034334044e-02
2.396729448810219765e-02 2.384920604526996613e-02
2.394736190326511929e-02 2.383061535656452040e-02
2.393755293451249599e-02 2.381836082786321571e-02
2.392964148893952231e-02 2.380912136286496977e-02
2.392278579063713412e-02 2.380766067653894424e-02
2.391903917305171490e-02 2.380411364138126235e-02
2.391571514308452745e-02 2.379690743982791970e-02
2.391579342074692111e-02 2.379512339830398490e-02
2.391360104084015031e-02 2.379544787108898302e-02
2.390960543416440626e-02 2.379571180790662766e-02
2.390953372232616087e-02 2.379927635192870955e-02
2.390740099363029142e-02 2.379162982106208801e-02
2.391011011786758900e-02 2.379124779254198144e-02
2.390733403153717448e-02 2.379025816917419364e-02
2.390806064940988879e-02 2.379212751984596114e-02
2.390682608820498059e-02 2.379718795418739319e-02
2.391005172394216130e-02 2.379014957696199556e-02
2.390609988942742417e-02 2.379039861261844635e-02
2.390711139887571196e-02 2.378956545144319396e-02
2.390580978244543145e-02 2.378991637378930976e-02
2.391609097830951075e-02 2.380294352769851685e-02
2.390945777297020028e-02 2.378852237015962462e-02
2.391376094892621110e-02 2.379852216690778871e-02
2.392765190452337404e-02 2.384461443871259759e-02
2.392395338974893232e-02 2.378872241824865272e-02
2.391426926478743692e-02 2.378883175551891466e-02
2.390475790016353269e-02 2.378836609423160692e-02
2.390547427348792622e-02 2.379128541797399451e-02
2.391387056559324265e-02 2.379665188491344313e-02
2.392046819441020350e-02 2.379372026771307130e-02
2.392326858825981686e-02 2.378832641988992691e-02
2.391548259183764319e-02 2.379285786300897737e-02
2.416233983822167058e-02 2.475704755634069304e-02
2.414638111367821763e-02 2.386536803096532891e-02
2.391791506670415401e-02 2.378678545355796675e-02
2.390466532669961383e-02 2.378958538174629281e-02
2.390377395786345144e-02 2.379200700670480728e-02
2.390687908045947482e-02 2.378976717591285706e-02
2.390403491444885800e-02 2.378774527460336685e-02
2.390482313930988173e-02 2.378645800054073403e-02
2.391800764016806941e-02 2.382421977818012168e-02
2.390982885845005512e-02 2.378799449652433534e-02
2.390861059539019923e-02 2.379192169755697112e-02
2.390927281230688026e-02 2.378744017332792143e-02
2.390430415980517725e-02 2.378725856542587141e-02
2.390458234585821767e-02 2.379059754312038560e-02
2.391077503561973502e-02 2.379829678684473176e-02
2.391521995887160162e-02 2.380398754030466080e-02
2.391098868101835390e-02 2.379140686243772645e-02
2.391118821687996526e-02 2.378768678754568031e-02
2.390740062110125949e-02 2.379550226032733917e-02
2.391008920967578957e-02 2.378672566264867713e-02
2.391087366268038888e-02 2.378630600869655748e-02
2.391362949274480204e-02 2.382127102464437485e-02
2.391415289603173594e-02 2.378668691962957521e-02
2.390967048704624107e-02 2.380703166127205034e-02
2.393305967561900477e-02 2.378574870526790550e-02
2.392888106405734877e-02 2.386637851595878670e-02
2.392806489951908658e-02 2.383338026702403953e-02
2.398717748001217773e-02 2.379277683794498582e-02
2.397033604793250700e-02 2.389482371509075304e-02
2.395307146944105486e-02 2.379366345703601976e-02
2.392320982180535724e-02 2.378801703453064034e-02
2.390185999684035778e-02 2.378295846283435752e-02
2.390310144983232021e-02 2.378483247011899809e-02
2.390930769033729891e-02 2.378245014697313170e-02
2.390159228816628526e-02 2.378986626863479475e-02
2.390294140204787116e-02 2.378376871347427299e-02
2.390165701508522103e-02 2.379276119172573159e-02
2.390251182951032977e-02 2.378555368632078240e-02
2.393651129677891801e-02 2.383266240358352522e-02
2.390555972233414719e-02 2.378976214677095552e-02
2.390493587590753963e-02 2.378243058919906477e-02
2.390795866958796839e-02 2.379856910556554794e-02
2.390614594332873821e-02 2.379359472543001244e-02
2.390226027928292821e-02 2.378477975726127694e-02
2.390934750437736372e-02 2.378168962895870278e-02
2.391097899526357581e-02 2.379900123924016953e-02
2.394279032014310499e-02 2.378903813660144737e-02
2.390944734215736528e-02 2.378180455416440894e-02
2.390295290388166904e-02 2.379485461860895296e-02
2.390412800014019012e-02 2.378388792276382377e-02
2.390209655277431011e-02 2.378772292286157608e-02
2.390054003335535457e-02 2.380294539034366608e-02
2.403096812777221272e-02 2.379083409905433794e-02
2.393253147602081299e-02 2.379567585885524611e-02
2.391970329917967458e-02 2.378799244761466841e-02
2.390157887712120871e-02 2.378237899392843246e-02
2.390343942679464678e-02 2.380186840891838213e-02
2.392295142635703087e-02 2.379068545997142792e-02
2.390202824026346068e-02 2.378369551151991029e-02
2.390099358744919231e-02 2.378374505788087914e-02
2.389993239194154739e-02 2.378459405153989653e-02
2.390286857262253692e-02 2.378251217305660248e-02
2.390224998816847801e-02 2.378064952790737152e-02
2.389835589565336704e-02 2.378370501101017068e-02
2.390152923762798448e-02 2.379714585840702126e-02
2.390756784006953239e-02 2.382431756705045631e-02
2.391566345468163629e-02 2.379045877605676790e-02
2.390321381390094618e-02 2.379398047924041748e-02
2.390147270634770255e-02 2.380458284169435432e-02
2.393349292688071867e-02 2.379785180091857980e-02
2.391176824457943301e-02 2.378339786082506180e-02
2.389844590798020224e-02 2.377869673073291709e-02
2.390099605545401712e-02 2.378673870116472175e-02
2.394135696813464234e-02 2.382627744227647920e-02
2.393847410567104955e-02 2.380265332758426527e-02
2.391644776798784733e-02 2.377972546964883874e-02
2.389929802156984945e-02 2.377981636673211913e-02
2.390432897955179284e-02 2.378842644393443923e-02
2.390324221923947196e-02 2.378492411226034234e-02
2.390082017518579960e-02 2.379974275827407768e-02
2.391105704009532928e-02 2.378752361983060837e-02
2.390600754879414896e-02 2.379690743982791970e-02
2.390000163577497144e-02 2.378250211477279594e-02
2.390162805095314910e-02 2.378252223134040902e-02
2.390024173073470454e-02 2.380418255925178389e-02
2.390273613855242729e-02 2.377952449023723602e-02
2.390255476348102093e-02 2.378594260662793974e-02
2.389894071966409614e-02 2.377979215234517912e-02
2.392099299468099932e-02 2.381405793130397797e-02
2.397531997412443230e-02 2.392056770622730255e-02
2.392004318535327981e-02 2.378357276320457528e-02
2.390081183984875748e-02 2.377966530621051719e-02
2.390014021657407145e-02 2.378464788198471000e-02
2.390764271840453009e-02 2.379623930901288847e-02
2.391628557816147943e-02 2.380058448761701584e-02
2.390931444242596488e-02 2.378035131841898034e-02
2.390477536246180673e-02 2.378878574818372657e-02
2.389764804393052985e-02 2.379494775086641450e-02
2.390208314172923704e-02 2.377982158213853836e-02
2.390345917083323141e-02 2.377686128020286421e-02
2.390593322925269743e-02 2.385005801916122506e-02
2.393814530223608086e-02 2.379191406071185996e-02
2.398777473717927933e-02 2.380131799727678438e-02
2.391454041935503483e-02 2.378920689225196700e-02
2.390674781054258347e-02 2.378253359347581863e-02
2.389670610427856515e-02 2.377792894840240548e-02
2.389768185093998909e-02 2.377792578190564970e-02
2.389899650588631769e-02 2.378028649836778571e-02
2.389819603413343568e-02 2.377737145870923927e-02
2.389955269172787736e-02 2.378017120063304762e-02
2.389656789600849013e-02 2.378581631928682397e-02
2.389820590615272453e-02 2.378244474530220171e-02
2.390008778311312337e-02 2.378844209015369346e-02
2.389936461113393446e-02 2.378278654068708559e-02
2.389826900325715472e-02 2.377693373709916999e-02
2.390186632983386586e-02 2.377769369632005622e-02
2.390046105720102648e-02 2.377572990953922411e-02
2.389963781461119582e-02 2.379301097244024277e-02
2.390039921738207340e-02 2.380364630371332307e-02
2.390448697842657497e-02 2.380249071866273949e-02
2.391114630736410757e-02 2.378970105201005936e-02
2.390046254731714725e-02 2.377922218292951445e-02
2.390119382180273463e-02 2.377577815204858641e-02
2.389466539025306840e-02 2.377757318317890237e-02
2.389444340951740742e-02 2.377588339149951796e-02
2.390153524465859006e-02 2.377518452703952789e-02
2.389454501681029935e-02 2.377791125327348778e-02
2.390137515030801157e-02 2.377986945211887221e-02
2.390958787873387337e-02 2.377536296844482561e-02
2.389888479374348979e-02 2.378237284719943861e-02
2.390630249865353246e-02 2.377234324812889030e-02
2.390308436006307463e-02 2.377379834651947160e-02
2.391312317922711372e-02 2.379390057176351478e-02
2.390309874899685522e-02 2.377432845532894204e-02
2.389924419112503598e-02 2.377979625016450951e-02
2.390872305259108405e-02 2.377704493701458116e-02
2.391292690299451351e-02 2.380268797278404375e-02
2.389733847230672906e-02 2.377618625760078569e-02
2.389348614960908751e-02 2.377410549670457701e-02
2.389424773864447932e-02 2.378014363348484109e-02
2.389595080167055199e-02 2.377339955419301848e-02
2.389402426779270103e-02 2.377248872071504454e-02
2.389712426811456750e-02 2.377175521105527947e-02
2.389766294509172370e-02 2.377368342131376197e-02
2.389573706313967774e-02 2.377232648432254722e-02
2.389836544170975685e-02 2.379754912108182976e-02
2.391774901188909938e-02 2.378346379846334527e-02
2.389933364465832849e-02 2.379745189100503783e-02
2.392029836773872445e-02 2.380126900970935822e-02
2.389754094183444907e-02 2.378005068749189377e-02
2.389624072238803049e-02 2.377928700298070908e-02
2.390638287179171900e-02 2.378079742193222115e-02
2.390005285851657529e-02 2.379179522395134111e-02
2.389443935826420645e-02 2.376686390489339898e-02
2.390434499830007553e-02 2.380213178694248061e-02
2.392739024944603304e-02 2.378555294126272202e-02
2.389931660145521233e-02 2.376701943576335976e-02
2.389055415987968375e-02 2.376876641064882417e-02
2.388708959333598475e-02 2.376738730818033288e-02
2.389176036231219907e-02 2.376974839717149734e-02
2.389531121589243481e-02 2.377832997590303282e-02
2.389792455360293527e-02 2.376492023468017648e-02
2.388821472413837910e-02 2.376446854323148797e-02
2.389256521128118108e-02 2.378730308264493873e-02
2.389075015671551089e-02 2.376456651836633682e-02
2.389782741665840218e-02 2.376883346587419649e-02
2.389383292756974697e-02 2.376493532210588455e-02
2.388238972052931716e-02 2.376566398888826231e-02
2.388549582101404806e-02 2.376338839530944824e-02
2.388812424615025659e-02 2.376610226929187775e-02
2.388696903362870147e-02 2.376115545630454878e-02
2.388271042145788739e-02 2.376087009906768799e-02
2.388853202573954990e-02 2.377258148044347763e-02
2.389692910946905613e-02 2.380546778440475325e-02
2.391017731279134612e-02 2.376047186553478102e-02
2.388320504687726359e-02 2.375523522496223588e-02
2.387769869528710842e-02 2.376061193645000527e-02
2.389599583111703257e-02 2.376003898680210252e-02
2.388149509206414361e-02 2.375320754945278029e-02
2.387835104018449714e-02 2.376982271671295235e-02
2.387703349813818932e-02 2.374944221228360991e-02
2.388150561600923399e-02 2.377220839262008528e-02
2.387656685896217754e-02 2.374968864023685455e-02
2.387800863943994115e-02 2.376186456531286309e-02
2.393619045615196297e-02 2.375168483704328398e-02
2.391004068776965072e-02 2.377060260623693397e-02
2.386647341772913863e-02 2.374144457280635834e-02
2.386599960736930301e-02 2.374695092439651350e-02
2.386233275756239822e-02 2.373679541051387787e-02
2.385953050106763909e-02 2.373136933892965386e-02
2.385454257018864224e-02 2.372859735041856627e-02
2.385858283378183842e-02 2.382940053939819336e-02
2.386337732896208833e-02 2.371394447982311249e-02
2.383663333021104197e-02 2.370132748037576814e-02
2.382225589826703072e-02 2.368155047297477653e-02
2.380549795925617287e-02 2.366208452731370995e-02
2.376703470945358207e-02 2.390473932027816634e-02
2.376570119522512098e-02 2.355285659432411124e-02
2.361806458793580532e-02 2.345106918364763329e-02
2.355024148710072041e-02 2.342048343271017213e-02
2.353651821613311768e-02 2.336796112358570029e-02
2.348813093267381261e-02 2.330053988844156196e-02
2.345360848121345182e-02 2.326410096138715675e-02
2.342085163109004428e-02 2.327546868473291328e-02
2.340045813471079011e-02 2.317889668047428200e-02
2.334471507929265430e-02 2.312439121305942535e-02
2.332674581557512422e-02 2.308843918144702981e-02
2.326996419578790734e-02 2.304250579327344825e-02
2.323773130774497986e-02 2.302322424948215554e-02
2.321352488361299107e-02 2.293839398771524429e-02
2.315848506987094879e-02 2.294260952621698241e-02
2.309923050925135474e-02 2.287579849362373491e-02
2.305809259414672713e-02 2.277855742722749779e-02
2.296842969954013963e-02 2.274602446705102990e-02
2.296030619181692670e-02 2.269683405756950378e-02
2.292846357449889252e-02 2.262388467788696220e-02
2.282695644535124441e-02 2.251542620360851357e-02
2.275968734174966743e-02 2.246327735483646254e-02
2.267018877901137014e-02 2.241117767989635537e-02
2.262604720890521934e-02 2.238134220242500236e-02
2.256021769717335770e-02 2.229826841503381590e-02
2.250930895097553661e-02 2.229393832385540009e-02
2.241886919364333153e-02 2.218791116029024055e-02
2.234724042937159469e-02 2.207108438014983992e-02
2.224172889254987309e-02 2.198841087520122389e-02
2.214391329325735708e-02 2.188196256756782393e-02
2.198562338016927381e-02 2.171742897480726311e-02
2.185116154141724179e-02 2.158876936882734437e-02
2.170074959285557201e-02 2.150446716696024010e-02
2.153889709152281146e-02 2.128285728394985199e-02
2.137289992533624242e-02 2.117136642336845537e-02
2.119330400601029257e-02 2.092413306236267159e-02
2.103576404042541842e-02 2.074773069471120765e-02
2.076489743776619573e-02 2.046457119286060333e-02
2.050741268321871688e-02 2.028376422822475433e-02
2.028394662775099416e-02 1.993140149861574034e-02
1.998674375936388900e-02 1.973614189773797989e-02
1.976018054410815308e-02 1.952971294522285600e-02
1.942729852162301471e-02 1.913784798234701226e-02
1.911712461151182652e-02 1.879870258271694114e-02
1.884446344338357518e-02 1.859466750174760749e-02
1.857880228199064801e-02 1.828992664813995292e-02
1.829965305514633794e-02 1.814699620008468697e-02
1.813105163164436748e-02 1.788342669606208732e-02
1.785926399752497604e-02 1.757642999291419983e-02
1.763422926887869835e-02 1.742853801697492530e-02
1.749596791341900826e-02 1.726173684000969002e-02
1.732844742946326733e-02 1.708741430193185667e-02
1.718999240547418664e-02 1.695741638541221549e-02
1.702489960007369518e-02 1.688888520002364974e-02
1.695284189190715551e-02 1.671165823936462264e-02
1.681474247016012669e-02 1.664251144975423952e-02
1.671224026940763135e-02 1.656505949795246055e-02
1.659248066134750774e-02 1.643653791397809913e-02
1.648531397804618021e-02 1.634761951863765786e-02
1.642023744061589172e-02 1.633038148283958574e-02
1.635868845041841407e-02 1.629961850121617456e-02
1.628675102256238461e-02 1.610279139131307741e-02
1.617352450266480376e-02 1.598598752170801024e-02
1.614934857934713364e-02 1.598118804395198822e-02
1.604663718026131530e-02 1.585954586043953826e-02
1.595287728123366902e-02 1.575652547180652480e-02
1.588206011801958015e-02 1.573317740112543245e-02
1.583206080831587453e-02 1.566668152809142997e-02
1.576991493348032375e-02 1.568345353007316589e-02
1.575429819058626890e-02 1.561996815726160968e-02
1.571095816325396299e-02 1.550602698698639800e-02
1.560347198974341119e-02 1.549510657787322998e-02
1.558343155775219167e-02 1.540320236235856975e-02
1.551338301505893538e-02 1.538219908252358437e-02
1.545909163542091846e-02 1.533579351380467450e-02
1.542946968693286250e-02 1.525720003992319176e-02
1.538245002739131381e-02 1.521557560190558468e-02
1.530190613120794262e-02 1.519195940345525672e-02
1.527735027484595706e-02 1.538952700793743203e-02
1.523183963727206026e-02 1.509306747466325829e-02
1.514143792446702788e-02 1.508514732122421230e-02
1.509290193207562039e-02 1.492955107241869007e-02
1.500742461066693033e-02 1.487902067601680825e-02
1.492703650146722828e-02 1.480745747685432469e-02
1.484332943800836802e-02 1.474423902109265293e-02
1.478798696771264042e-02 1.466106334701180493e-02
1.472107672598212992e-02 1.464103106409311329e-02
1.462258915416896413e-02 1.454703575000166824e-02
1.452319456730037997e-02 1.439606519415974686e-02
1.445823784451931784e-02 1.430875724181532825e-02
1.433645226061344181e-02 1.418657926842570305e-02
1.421159135643392836e-02 1.412030244246125291e-02
1.413858546875417302e-02 1.401603724807500874e-02
1.399586922489106690e-02 1.389296920970082248e-02
1.388915670104324748e-02 1.378479255363345216e-02
1.381290571298450162e-02 1.370662022382020985e-02
1.372949695214629139e-02 1.358244391158223117e-02
1.356301538180559874e-02 1.351476702839136089e-02
1.349877875763922860e-02 1.350783137604594231e-02
1.340889246203005349e-02 1.329202214255928959e-02
1.328151803463697468e-02 1.321898866444826126e-02
1.321441521868109772e-02 1.321278791874647141e-02
1.315218370873481001e-02 1.318419296294450795e-02
1.304317279718816315e-02 1.302119242027401959e-02
1.294820720795542002e-02 1.283437227830290864e-02
1.286247933749109541e-02 1.279671071097254753e-02
1.279778052121400764e-02 1.273997751995921066e-02
1.271974577102810179e-02 1.266482695937156712e-02
1.262294375337660347e-02 1.260283691808581318e-02
1.257283848244696890e-02 1.250195968896150589e-02
1.251088336575776304e-02 1.243511578068137204e-02
1.246601776219904457e-02 1.239305464550852741e-02
1.244863192550837994e-02 1.230499399825930526e-02
1.236816961318254471e-02 1.240751007571816444e-02
1.230062178801745107e-02 1.226005824282765458e-02
1.222900797147303750e-02 1.221274891868233750e-02
1.220016174484044383e-02 1.215042211115360295e-02
1.213578260503709282e-02 1.207680506631731918e-02
1.208466980606317555e-02 1.208693981170654366e-02
1.209038782399147680e-02 1.203931504860520328e-02
1.202864823862910201e-02 1.198940211907029152e-02
1.200155478436499765e-02 1.195869101211428573e-02
1.196237702388316428e-02 1.192164942622184719e-02
1.192509883549064398e-02 1.187587687745690276e-02
1.192001120653003385e-02 1.188791077584028244e-02
1.188397910445928608e-02 1.188284130766987731e-02
1.190001103095710347e-02 1.183119872584939038e-02
1.186257197987288306e-02 1.180763784795999492e-02
1.183675227221101488e-02 1.184168262407183682e-02
1.184765617363154819e-02 1.185790849849581788e-02
1.181235807016491925e-02 1.174904396757483517e-02
1.179746098350733553e-02 1.172711802646517719e-02
1.175580837298184633e-02 1.170782977715134621e-02
1.178936690557748010e-02 1.172209959477186168e-02
1.173993183765560319e-02 1.168718775734305451e-02
1.170539881568402087e-02 1.170739587396383251e-02
1.171121886000037193e-02 1.169277261942625046e-02
1.171926807146519457e-02 1.163470642641186749e-02
1.167986034415662358e-02 1.164904311299324105e-02
1.166809883434325422e-02 1.163153983652591775e-02
1.165433330461382831e-02 1.160920634865760838e-02
1.163624743930995534e-02 1.161296237260103260e-02
1.160871738102287054e-02 1.157067660242319142e-02
1.158112182747572660e-02 1.156826578080654214e-02
1.160559840500354802e-02 1.163484165444970096e-02
1.157552415970712970e-02 1.153383655473589828e-02
1.156281242147088120e-02 1.153668714687228203e-02
1.154277252499014139e-02 1.157574253156781231e-02
1.153703771997243235e-02 1.153610879555344582e-02
1.154276265297085081e-02 1.153593352064490388e-02
1.151563085149973596e-02 1.148708257824182510e-02
1.148832433391362359e-02 1.145312767475843360e-02
1.147516360506415332e-02 1.146626016125082935e-02
1.147070906590670278e-02 1.144754551351070439e-02
1.145087904296815395e-02 1.139932470396161010e-02
1.144367391243577073e-02 1.146126426756382058e-02
1.143855017144232954e-02 1.141945859417319367e-02
1.141704027540981804e-02 1.136822551488876273e-02
1.141099061351269484e-02 1.142833745107054745e-02
1.139114131219685043e-02 1.137902569025754998e-02
1.134899808093905484e-02 1.132980780676007271e-02
1.135704785119742190e-02 1.131824450567364693e-02
1.135227708145975997e-02 1.130349552258849179e-02
1.133114779368043015e-02 1.128894882276654243e-02
1.130122505128383636e-02 1.124646812677383353e-02
1.128227422013878753e-02 1.123080169782042503e-02
1.126591609790921281e-02 1.122514028102159465e-02
1.126556918025016854e-02 1.128588821738958289e-02
1.130551444366574218e-02 1.122448612004518440e-02
1.122563297394663095e-02 1.121874842792749440e-02
1.119691145140677691e-02 1.119454167783260311e-02
1.119068120606243541e-02 1.125390045344829525e-02
1.115779227111488546e-02 1.114909462630748679e-02
1.114494195207953522e-02 1.114271776750683750e-02
1.113936945330351591e-02 1.111727710813283955e-02
1.113004153594374622e-02 1.106923259794712067e-02
1.113738520070910523e-02 1.107830908149480889e-02
1.107814148999750579e-02 1.106307841837406158e-02
1.106451612431555952e-02 1.107096029445528949e-02
1.106114762369543245e-02 1.105508478358387982e-02
1.107648594770580495e-02 1.119567556306719745e-02
1.103225839324295521e-02 1.102567734196782147e-02
1.104168433230370318e-02 1.098188450559973647e-02
1.096094141248613561e-02 1.096778716892004082e-02
1.096690790727734496e-02 1.094564693048596417e-02
1.096941747236996820e-02 1.090577645227313111e-02
1.094003657344728639e-02 1.090740216895937954e-02
1.091121926438063348e-02 1.094305794686079025e-02
1.090097376145422389e-02 1.091238828375935485e-02
1.092633339576423203e-02 1.088598500937223469e-02
1.086511805187910865e-02 1.087569138035178115e-02
1.086285880301147630e-02 1.082693580538034508e-02
1.083164245355874335e-02 1.081574680283665588e-02
1.086221756413579057e-02 1.080040633678436279e-02
1.087476685643196106e-02 1.088644517585635185e-02
1.081913490779697930e-02 1.081365942955017125e-02
1.082270559854805504e-02 1.081129778176546062e-02
1.082337021362036501e-02 1.076746815815568005e-02
1.078000362031161785e-02 1.076918002218008041e-02
1.075890227220952476e-02 1.074882391840219567e-02
1.072863233275711536e-02 1.074190586805343593e-02
1.074877872597426211e-02 1.074623335152864387e-02
1.073105416726321051e-02 1.081265313550829922e-02
1.073676329106092522e-02 1.073852349072694848e-02
1.071210021618753706e-02 1.072692004963755538e-02
1.071132451761513948e-02 1.068721059709787369e-02
1.067390902899205754e-02 1.069503519684076275e-02
1.066529771778732504e-02 1.071174042299389770e-02
1.068884313572198222e-02 1.063835546374320914e-02
1.065006370190530946e-02 1.065983651205897401e-02
1.065882137045264313e-02 1.062848251312971046e-02
1.065503347199410131e-02 1.067805159837007488e-02
1.061803963966667652e-02 1.064115278422832558e-02
1.059809008147567441e-02 1.072631897404789994e-02
1.059803017415106297e-02 1.064706183969974483e-02
1.060128903482109378e-02 1.062738215550780227e-02
1.058649336919188430e-02 1.054604034870862926e-02
1.056720877531915938e-02 1.049820594489574502e-02
1.053730121348053252e-02 1.051052482798695530e-02
1.053597941063344479e-02 1.052165301516652142e-02
1.052250543143600295e-02 1.052647875621914864e-02
1.051387388724833727e-02 1.050246283411979641e-02
1.051789033226668835e-02 1.051346892490983079e-02
1.050180236343294451e-02 1.050516236573457649e-02
1.048564177472144365e-02 1.061771623790264130e-02
1.048109158873558079e-02 1.046247817575931584e-02
1.048837753478437662e-02 1.046414412558078696e-02
1.046062726527452469e-02 1.043405951932072605e-02
1.044553681276738644e-02 1.042727436870336498e-02
1.042573247104883194e-02 1.041328283026814530e-02
1.040104350540787051e-02 1.038659643381834030e-02
1.040074790362268721e-02 1.042458415031433105e-02
1.040134532377123833e-02 1.039882926270365750e-02
1.039405502378940548e-02 1.040474269539117848e-02
1.039336523972451617e-02 1.045484235510230064e-02
1.038697513286024332e-02 1.036803126335144112e-02
1.034938504453748395e-02 1.032222053036093747e-02
1.035257352050393889e-02 1.033269036561250756e-02
1.035139421001076733e-02 1.035893326625227963e-02
1.030805667396634748e-02 1.039258698001504014e-02
1.034166573081165587e-02 1.030709790065884555e-02
1.029609544202685426e-02 1.030854033306241070e-02
1.031406086403876578e-02 1.031581191346049239e-02
1.034389019478112494e-02 1.030527772381901672e-02
1.031887603458017146e-02 1.026698425412178074e-02
1.025916668586432899e-02 1.023260839283466304e-02
1.025293187703937327e-02 1.028006030246615340e-02
1.025544842705130612e-02 1.023201858624816010e-02
1.025631334632635082e-02 1.022753184661269119e-02
1.022932133637368714e-02 1.021103067323565414e-02
1.020918467547744443e-02 1.019862089306116174e-02
1.019277716986835038e-02 1.020703334361314739e-02
1.020673546008765697e-02 1.018325844779610634e-02
1.021517165936529706e-02 1.025823457166552544e-02
1.017957078292965924e-02 1.019737599417567218e-02
1.026810260955244268e-02 1.024355553090572357e-02
1.014309704769402777e-02 1.013957019895315136e-02
1.014761882834136486e-02 1.033106623217463528e-02
1.014543911442160676e-02 1.016618730500340462e-02
1.018173724878579378e-02 1.014524241909384693e-02
1.013368961866945028e-02 1.013379944488406251e-02
1.011089105159044231e-02 1.013011354953050579e-02
1.009745039045810769e-02 1.009115073829889263e-02
1.009411397390067543e-02 1.014631995931267704e-02
1.009377655573189328e-02 1.009630877524614334e-02
1.007864743005484377e-02 1.016926979646086762e-02
1.008899020962417126e-02 1.006599934771656990e-02
1.006091425660997699e-02 1.006835289299488033e-02
1.006267811171710456e-02 1.003390904515981744e-02
1.001451604533940519e-02 1.004950786009430920e-02
1.002552623394876649e-02 1.004660697653889621e-02
1.001304413657635485e-02 1.004108320921659470e-02
1.000766255892813171e-02 1.001556096598505904e-02
1.001246038358658517e-02 1.000205213204026153e-02
1.005551198031753336e-02 1.006914777681231464e-02
9.988590423017740944e-03 1.000040303915739059e-02
1.000202256254851749e-02 1.006339173763990368e-02
9.987389016896486976e-03 1.006436655297875474e-02
9.981165896169841636e-03 9.963774029165506710e-03
9.971095994114876487e-03 1.004913160577416455e-02
1.001169662922620808e-02 9.952523838728665959e-03
9.928443259559572090e-03 9.987553674727677952e-03
9.943211684003472328e-03 9.999431576579809536e-03
9.912683418951928963e-03 9.939547162503004074e-03
9.900506399571896293e-03 9.963161218911409725e-03
9.955207980237901905e-03 1.002184897661209141e-02
9.885446913540364006e-03 9.915314801037310860e-03
9.887360269203782082e-03 9.922746848315001228e-03
9.903941513039171349e-03 9.899223875254391930e-03
9.883550228551030159e-03 9.888867754489183773e-03
9.893220476806163441e-03 9.905056376010180214e-03
9.855776606127620437e-03 9.876046143472195366e-03
9.851411893032490860e-03 9.858799446374178627e-03
9.843112039379774830e-03 9.869918040931225517e-03
9.837607643567026008e-03 9.880732279270887375e-03
9.848745213821530689e-03 9.828009456396103599e-03
9.864224167540670135e-03 9.875143971294164311e-03
9.818159858696162701e-03 9.887979272753000606e-03
9.801389626227318894e-03 9.828229155391454003e-03
9.815996093675494888e-03 9.873415250331163753e-03
9.807455306872724793e-03 9.807690978050231934e-03
9.846177790313959469e-03 9.897773526608944286e-03
9.784943959675728581e-03 9.822623245418072094e-03
9.767883247695863594e-03 9.824573900550604214e-03
9.785510622896254410e-03 9.775308053940534245e-03
9.746782877482474544e-03 9.795998688787221909e-03
9.755559801124035618e-03 9.807013347744942058e-03
9.783244132995605816e-03 9.827207401394843708e-03
9.754518652334809650e-03 9.798187669366598476e-03
9.763304959051311016e-03 9.800173621624708870e-03
9.791771601885556481e-03 9.890417009592056621e-03
9.735837695188820362e-03 9.727331157773733833e-03
9.689048188738525261e-03 9.741746634244919517e-03
9.710843069478869091e-03 9.785064868628979076e-03
9.709252603352069508e-03 9.734393935650587429e-03
9.681718260981141827e-03 9.707308840006589890e-03
9.691689070314169277e-03 9.931168705224990151e-03
9.700714843347668648e-03 9.686691965907812812e-03
9.649506816640496948e-03 9.779716003686189305e-03
9.683167608454824188e-03 9.712919220328330647e-03
9.680600697174667965e-03 9.668628126382828106e-03
9.679742134176194321e-03 9.696335624903440129e-03
9.712370554916560303e-03 9.761943388730287899e-03
9.631121996790170670e-03 9.748554788529872894e-03
9.705637209117412220e-03 9.695647377520799290e-03
9.634926123544574131e-03 9.698025602847337029e-03
9.657625644467770359e-03 9.762055240571498871e-03
9.686560137197375298e-03 9.705467801541089318e-03
9.669754817150533893e-03 9.781538043171167374e-03
9.650486474856733582e-03 9.657697845250367771e-03
9.606863767839968898e-03 9.635491296648979187e-03
9.591993759386241436e-03 9.642819408327341080e-03
9.626252623274923065e-03 9.691479802131652138e-03
9.646278317086398255e-03 9.669164288789033543e-03
9.599728276953101158e-03 9.627527836710215309e-03
9.571664012037217270e-03 9.615235216915606759e-03
9.585620090365409157e-03 9.666528552770614624e-03
9.602677798829973091e-03 9.636727906763554313e-03
9.635653765872120163e-03 9.851241763681174018e-03
9.610611759126187065e-03 9.635936934500932693e-03
9.576992737129330982e-03 9.619511943310499885e-03
9.568001003935932766e-03 9.582653921097517707e-03
9.545887308195232651e-03 9.598458837717770836e-03
9.578669606707990863e-03 9.643896576017140995e-03
9.595290455035866001e-03 9.658173564821482052e-03
9.565396257676184524e-03 9.611303079873323094e-03
9.561086678877473224e-03 9.645567368716001164e-03
9.571306779980659832e-03 9.682335983961820255e-03
9.576101228594780315e-03 9.654332045465707432e-03
9.549116156995296825e-03 9.587234631180763939e-03
9.531719633378088821e-03 9.587491117417811654e-03
9.558420581743120453e-03 9.586565382778643868e-03
9.569482598453759453e-03 9.655741695314645073e-03
9.572838293388485562e-03 9.585167467594146035e-03
9.547561244107782147e-03 9.598392713814973137e-03
9.527529380284250130e-03 9.573876671493054130e-03
9.510180912911891937e-03 9.553015790879726063e-03
9.510171529836953380e-03 9.652360528707503579e-03
9.518885822035371563e-03 9.578627720475196144e-03
9.531879541464149605e-03 9.566697012633084557e-03
9.531099256128073086e-03 9.617044962942600597e-03
9.552371082827448498e-03 9.646606910973788002e-03
9.499252028763293526e-03 9.568281844258308758e-03
9.506128984503448356e-03 9.602947160601615906e-03
9.544462384656070969e-03 9.716300573199988105e-03
9.514540573582053531e-03 9.543492365628481258e-03
9.488089685328304421e-03 9.526802785694598805e-03
9.471568977460265160e-03 9.572868421673774025e-03
9.495890815742313862e-03 9.534750599414110184e-03
9.476034343242645611e-03 9.569062013179063450e-03
9.481882303953170429e-03 9.595130942761898388e-03
9.483112231828271996e-03 9.514292795211076390e-03
9.481420903466642597e-03 9.509787708520889976e-03
9.506341326050460686e-03 9.583588317036628376e-03
9.564181207679212093e-03 9.714245144277811744e-03
9.522220538929104111e-03 9.532886743545531533e-03
9.480535332113505104e-03 9.518996812403202057e-03
9.494253550656139851e-03 9.610453341156243584e-03
9.495168062858282826e-03 9.581911470741033207e-03
9.528443310409783970e-03 9.509153291583060871e-03
9.483094047755002282e-03 9.522315952926874508e-03
9.455149620771407734e-03 9.545315336436033943e-03
9.452698333188892105e-03 9.519317187368869781e-03
9.466970083303749214e-03 9.540379606187343250e-03
9.449320519343018879e-03 9.519456047564744602e-03
9.445244260132313469e-03 9.589552134275435707e-03
9.438374405726790081e-03 9.534928947687149048e-03
9.432699019089340470e-03 9.457872156053781856e-03
9.437236003577709198e-03 9.502305276691913258e-03
9.433895000256597996e-03 9.520990960299968026e-03
9.434256306849419377e-03 9.524561278522015312e-03
9.446075255982577107e-03 9.539401903748512962e-03
9.443000517785548817e-03 9.482970740646124580e-03
9.460070310160518040e-03 9.478821326047182430e-03
9.437537332996726730e-03 9.523218963295221329e-03
9.452020633034408092e-03 9.637354407459497452e-03
9.426184091717004429e-03 9.524841792881488800e-03
9.466712246648967266e-03 9.627438057214022030e-03
9.477289090864361026e-03 9.521234594285488823e-03
9.424077556468546044e-03 9.484363626688719143e-03
9.428678452968597759e-03 9.457229264080524098e-03
9.406706457957625736e-03 9.525818191468716015e-03
9.430152666755019925e-03 9.460426215082407692e-03
9.402003977447748531e-03 9.444464370608330120e-03
9.440399683080613266e-03 9.528056625276804317e-03
9.406644199043513038e-03 9.469132311642170299e-03
9.404362947680055401e-03 9.457263723015784870e-03
9.379172860644758442e-03 9.435257781296968807e-03
9.416063991375267159e-03 9.451385866850615242e-03
9.431447042152285923e-03 9.456001222133636475e-03
9.396941890008747925e-03 9.429353289306163788e-03
9.401425370015203953e-03 9.445695113390684475e-03
9.388183313421904347e-03 9.441146720200776707e-03
9.395865304395557144e-03 9.420664981007575989e-03
9.367474750615657070e-03 9.433797374367714622e-03
9.397987439297140339e-03 9.520275797694922187e-03
9.421767806634307255e-03 9.597743954509496342e-03
9.403872746042906891e-03 9.441644698381424644e-03
9.377312473952769886e-03 9.454214386641979564e-03
9.422582597471773971e-03 9.435100387781858791e-03
9.411665727384388447e-03 9.456849563866854061e-03
9.376739454455673001e-03 9.410068113356827996e-03
9.388744505122304310e-03 9.495242778211832740e-03
9.373594075441360474e-03 9.438845328986644745e-03
9.362523350864649166e-03 9.436338208615779877e-03
9.358430257998406540e-03 9.424014855176210750e-03
9.379368624649941921e-03 9.447870496660470269e-03
9.374632476828992020e-03 9.451525006443261406e-03
9.365932573564350952e-03 9.456603135913611152e-03
9.412168385460972439e-03 9.490688238292932857e-03
9.377463231794535767e-03 9.468545485287905433e-03
9.364889957942068924e-03 9.419996198266744961e-03
9.364209254272282124e-03 9.430427011102438320e-03
9.352103644050657055e-03 9.434437844902276993e-03
9.347932250238954327e-03 9.433519374579191902e-03
9.343348257243633964e-03 9.410346020013093601e-03
9.331592195667325756e-03 9.420321136713028648e-03
9.344825055450201035e-03 9.451662655919790268e-03
9.462886396795511593e-03 9.718546457588673332e-03
9.429974411614239910e-03 9.478952549397946098e-03
9.381808759644626877e-03 9.478068817406893123e-03
9.345752536319196224e-03 9.464512206614017140e-03
9.343997295945882103e-03 9.371361602097750057e-03
9.330696775577962399e-03 9.420230146497487675e-03
9.341014293022453438e-03 9.386325720697641373e-03
9.330833889544009815e-03 9.379551652818918575e-03
9.337496501393616546e-03 9.412118792533874165e-03
9.332546405494213451e-03 9.388242941349744450e-03
9.354187664575875152e-03 9.426139947026967308e-03
9.353638160973787308e-03 9.397162403911352851e-03
9.314688993617892612e-03 9.378093946725129387e-03
9.325103089213370583e-03 9.391812887042761543e-03
9.321603644639252922e-03 9.383954666554927479e-03
9.338370175100862980e-03 9.360371716320514332e-03
9.319149097427726139e-03 9.421141166239977577e-03
9.337633568793534539e-03 9.370044618844986656e-03
9.354732045903802612e-03 9.371064510196447719e-03
9.287942433729767799e-03 9.359454084187746742e-03
9.330272162333130143e-03 9.369111899286509254e-03
9.323535230942070137e-03 9.364659711718559959e-03
9.333197609521448612e-03 9.389532543718815544e-03
9.305516467429697167e-03 9.355848934501410225e-03
9.301748918369412075e-03 9.426565561443566582e-03
9.296560147777199051e-03 9.378037974238395344e-03
9.370009065605700016e-03 9.798926394432782780e-03
9.388302755542098782e-03 9.389311540871858597e-03
9.301068447530268929e-03 9.419641364365816463e-03
9.328432660549879768e-03 9.369084145873785019e-03
9.294223622418940067e-03 9.353422373533249595e-03
9.302908927202225078e-03 9.374569542706013073e-03
9.302562964148820140e-03 9.370435867458582271e-03
9.293593349866569042e-03 9.378738049417734840e-03
9.303088835440575383e-03 9.408898837864398262e-03
9.305730205960571419e-03 9.352677967399358749e-03
9.314964734949171196e-03 9.338185563683510174e-03
9.330514911562204014e-03 9.428473189473152161e-03
9.297954733483493328e-03 9.437448531389235756e-03
9.301171638071537018e-03 9.401937481015920639e-03
9.346530237235129573e-03 9.339702595025301674e-03
9.313682839274407127e-03 9.368823468685149800e-03
9.259277861565351833e-03 9.307516925036906502e-03
9.256413928233087410e-03 9.344247169792652130e-03
9.327991865575313568e-03 9.342938009649515846e-03
9.317206568084657192e-03 9.357261843979359020e-03
9.290056023746728203e-03 9.374800790101289055e-03
9.283880470320582390e-03 9.384734649211167942e-03
9.271729248575865875e-03 9.377863537520170906e-03
9.274264308623969208e-03 9.306091628968716362e-03
9.256285266019403934e-03 9.355134330689907074e-03
9.291239990852772843e-03 9.371181298047304847e-03
9.304846939630805752e-03 9.410263691097497246e-03
9.285307000391184937e-03 9.375716559588909149e-03
9.266407322138547550e-03 9.351952653378247521e-03
9.283533087000250816e-03 9.317797981202602733e-03
9.257717779837549080e-03 9.331915806978941658e-03
9.294011676684022644e-03 9.426241554319859245e-03
9.367160219699143670e-03 9.350793156772851250e-03
9.272150835022330631e-03 9.343788679689168236e-03
9.241011901758610855e-03 9.384882822632788918e-03
9.226972959004342903e-03 9.324869140982627869e-03
9.247827529907225869e-03 9.279765747487544666e-03
9.238520427607000221e-03 9.289039205759764065e-03
9.283762727864085934e-03 9.334198012948036888e-03
9.242148138582706451e-03 9.311569388955831528e-03
9.234921052120625626e-03 9.298423305153846741e-03
9.302494977600873211e-03 9.389284625649451863e-03
9.255490335635840199e-03 9.358139801770448338e-03
9.254899411462246678e-03 9.355664998292923668e-03
9.262888273224235275e-03 9.302548971027136196e-03
9.226530510932206414e-03 9.315819945186376572e-03
9.232990536838769566e-03 9.311940800398588874e-03
9.320215508341788552e-03 9.304948151111602783e-03
9.229307994246482849e-03 9.282591100782156684e-03
9.226565086282789013e-03 9.292236063629388809e-03
9.223396540619432926e-03 9.308040700852870594e-03
9.251995827071368694e-03 9.293549787253141056e-03
9.276947355829179287e-03 9.317202586680650364e-03
9.232173603959382274e-03 9.281807858496905067e-03
9.271075273863971580e-03 9.306355100125073693e-03
9.221385628916323879e-03 9.263875335454941143e-03
9.220514819025993694e-03 9.260085783898830761e-03
9.231991390697658409e-03 9.298509266227484443e-03
9.234671085141598484e-03 9.294184762984514583e-03
9.221273451112210404e-03 9.324677195399999965e-03
9.245658200234175075e-03 9.301397949457168579e-03
9.254696732386945984e-03 9.282920695841311715e-03
9.231039206497371197e-03 9.302006382495165565e-03
9.224154776893556465e-03 9.286534320563078621e-03
9.230801393277943481e-03 9.277533926069735787e-03
9.207110246643423687e-03 9.257428254932165493e-03
9.227396617643535831e-03 9.279710054397583702e-03
9.240773809142410061e-03 9.309428837150334965e-03
9.272309998050332763e-03 9.253516141325236061e-03
9.255523164756595395e-03 9.337349329143762589e-03
9.280717093497514378e-03 9.353922307491302143e-03
9.198797703720628521e-03 9.240923076868056904e-03
9.229618520475924709e-03 9.248346835374832847e-03
9.203331242315471866e-03 9.254372771829366337e-03
9.214526228606700203e-03 9.302007500082254410e-03
9.205781295895576824e-03 9.343460574746132244e-03
9.230186464264988899e-03 9.267363976687193611e-03
9.203942329622804425e-03 9.324707742780446312e-03
9.200248378328978668e-03 9.231951553374528885e-03
9.190991404466331005e-03 9.304763283580541611e-03
9.231374645605684021e-03 9.257534891366958965e-03
9.222844988107681621e-03 9.278242848813534130e-03
9.190891636535525322e-03 9.239194821566343654e-03
9.180749906226992954e-03 9.267427865415811886e-03
9.219488943926990032e-03 9.284033812582493175e-03
9.195902920328079960e-03 9.250685852020979622e-03
9.198879986070097187e-03 9.275407064706087112e-03
9.212928824126720428e-03 9.258382860571146358e-03
9.177446598187088966e-03 9.228249825537205436e-03
9.206422744318843235e-03 9.373568743467331627e-03
9.235549648292363384e-03 9.263712819665670742e-03
9.184809937141834996e-03 9.303695522248744965e-03
9.208936127834022045e-03 9.305044636130332600e-03
9.195810207165778030e-03 9.218670241534710624e-03
9.172697225585580219e-03 9.243568964302539478e-03
9.195271856151520859e-03 9.333341196179390648e-03
9.241582918912171971e-03 9.286601655185222279e-03
9.179628291167318127e-03 9.269935078918933868e-03
9.213088406249880444e-03 9.230291377753019680e-03
9.201230248436331749e-03 9.271741844713687897e-03
9.226144547574222435e-03 9.229017700999975898e-03
9.176349290646612991e-03 9.253038465976715435e-03
9.175918670371175159e-03 9.210669901221990585e-03
9.181465231813490044e-03 9.277981426566838524e-03
9.194170264527201999e-03 9.206287655979394566e-03
9.185154736042023399e-03 9.205999784171581268e-03
9.168768953531979821e-03 9.248856082558631550e-03
9.176368685439228665e-03 9.199745394289493908e-03
9.192364825867115757e-03 9.204482473433018425e-03
9.163358877412975528e-03 9.181037545204162598e-03
9.156143944710492394e-03 9.234315436333417199e-03
9.143223543651402344e-03 9.206095244735479355e-03
9.181842138059437969e-03 9.218678623437882164e-03
9.171257098205386898e-03 9.210344217717648246e-03
9.164344542659819473e-03 9.248332306742667458e-03
9.187663393095134995e-03 9.241833910346030842e-03
9.181810403242706906e-03 9.290116932243108402e-03
9.160670405253767273e-03 9.237836860120297172e-03
9.166462789289652954e-03 9.216791484504938126e-03
9.150185482576489102e-03 9.186202473938465812e-03
9.128232719376683235e-03 9.175829030573368419e-03
9.140378260053694942e-03 9.205404017120600441e-03
9.158749040216207851e-03 9.299852512776851307e-03
9.237686288543045521e-03 9.297836571931838989e-03
9.165352000854909767e-03 9.247845876961946834e-03
9.123447863385081985e-03 9.202212467789650310e-03
9.127551852725446918e-03 9.203485958278179863e-03
9.198563289828598499e-03 9.214245807379483830e-03
9.159460500814019940e-03 9.213894885033369758e-03
9.138357313349842331e-03 9.299038909375667572e-03
9.151052124798298229e-03 9.198855981230736126e-03
9.163879044353961251e-03 9.222227893769741752e-03
9.149427153170108448e-03 9.183171018958092430e-03
9.115170873701571724e-03 9.159976430237293937e-03
9.111607447266578674e-03 9.162980318069457314e-03
9.141297312453389168e-03 9.212505258619784615e-03
9.130245470441878536e-03 9.196418710052967418e-03
9.152221679687499306e-03 9.236767236143351295e-03
9.175223927013576725e-03 9.195373486727475773e-03
9.139436134137212536e-03 9.139854460954666138e-03
9.132726700045168400e-03 9.195889625698328712e-03
9.122114581987261078e-03 9.262620378285646786e-03
9.147216659039258610e-03 9.207249060273170818e-03
9.141701715998351227e-03 9.177798498421907078e-03
9.107277519069612373e-03 9.163351077586413124e-03
9.133305563591421344e-03 9.192651417106390693e-03
9.141165344044566848e-03 9.125623665750027397e-03
9.113889629952609192e-03 9.139615856111050346e-03
9.113360242918134430e-03 9.191464819014071724e-03
9.128641872666775486e-03 9.158927015960216522e-03
9.144553565420210361e-03 9.164315555244684566e-03
9.116169135086237690e-03 9.170512948185206153e-03
9.102711267769337394e-03 9.141717292368411324e-03
9.102588100358844497e-03 9.156618267297744751e-03
9.168805018998683193e-03 9.440352302044629704e-03
9.154432895593344818e-03 9.179261047393083572e-03
9.131497773341833851e-03 9.179377648979424736e-03
9.140122309327125202e-03 9.178589098155498505e-03
9.140022983774542115e-03 9.145259857177734375e-03
9.123665071092546333e-03 9.179640188813209187e-03
9.108689194545150497e-03 9.230387117713689110e-03
9.130679978989064347e-03 9.199902880936861038e-03
9.106432716362179020e-03 9.161022678017615578e-03
9.083632612600922585e-03 9.147476684302092292e-03
9.095675847493111393e-03 9.113069064915180553e-03
9.112941287457942269e-03 9.130424074828624031e-03
9.097559191286564567e-03 9.133632946759461663e-03
9.096927940845489502e-03 9.099175035953522422e-03
9.109860681928694942e-03 9.183264710009098400e-03
9.129696991294622421e-03 9.215374104678630482e-03
9.099670150317252376e-03 9.135129302740097393e-03
9.120427351444960334e-03 9.179857932031154980e-03
9.078189404681325306e-03 9.130114875733851693e-03
9.104464016854763725e-03 9.183975588530301354e-03
9.119786531664430748e-03 9.118312224745749733e-03
9.072255343198776245e-03 9.159263595938682903e-03
9.073229692876338265e-03 9.151999466121196400e-03
9.120546071790159096e-03 9.148762747645377419e-03
9.092632960528135994e-03 9.117192868143320778e-03
9.078019065782427788e-03 9.103270247578620911e-03
9.127939539030193589e-03 9.326102863997220299e-03
9.098144574090838085e-03 9.146309271454811790e-03
9.114004438742995262e-03 9.113195817917585373e-03
9.067949559539555809e-03 9.178775642067194679e-03
9.115413576364517906e-03 9.466499742120503685e-03
9.098622179590166309e-03 9.089552052319049141e-03
9.071611356921494354e-03 9.181221388280392040e-03
9.093749243766069759e-03 9.163297805935144077e-03
9.071903233416379192e-03 9.141243249177932045e-03
9.110276377759874214e-03 9.204737283289432873e-03
9.106429922394455173e-03 9.121391456574201584e-03
9.064573165960609219e-03 9.138326440006495216e-03
9.059262555092572819e-03 9.120931848883628845e-03
9.078760934062301419e-03 9.182994160801172603e-03
9.081271360628306866e-03 9.087014850229025234e-03
9.098685812205076218e-03 9.118997864425182689e-03
9.088424523361027588e-03 9.146325662732124676e-03
9.063760284334421158e-03 9.098793007433414112e-03
9.051574952900409352e-03 9.144351724535227169e-03
9.066297602839768627e-03 9.125960525125265121e-03
9.052012884058057568e-03 9.110149089246987950e-03
9.049247414804995754e-03 9.082693513482809414e-03
9.037018800154329040e-03 9.115701448172331203e-03
9.064451605081558921e-03 9.074882511049509395e-03
9.059376711957157352e-03 9.093406330794095299e-03
9.056155662983655583e-03 9.104361012578009865e-03
9.060189826413989067e-03 9.095857478678226124e-03
9.086106764152645718e-03 9.079248365014790795e-03
9.048102516680955540e-03 9.077763278037309300e-03
9.076680010184644959e-03 9.098968934267759323e-03
9.054355695843696941e-03 9.075072500854730953e-03
9.030327014625073173e-03 9.084871504455804825e-03
9.054075833410024990e-03 9.095338266342877995e-03
9.055453189648687146e-03 9.145516995340585362e-03
9.070416982285677693e-03 9.086050651967525135e-03
9.049232723191380848e-03 9.060346987098455429e-03
9.013755689375102173e-03 9.077527280896901390e-03
9.098722902126609585e-03 9.138518013060092926e-03
9.051213972270488739e-03 9.139763470739126899e-03
9.054693393409252167e-03 9.162581898272037853e-03
9.079823968932032585e-03 9.076287224888800881e-03
9.038215619511902332e-03 9.123398549854755055e-03
9.046792774461210121e-03 9.128315933048724781e-03
9.081052476540207516e-03 9.193145297467708241e-03
9.042379911988973618e-03 9.149805828928946755e-03
9.066549688577651631e-03 9.153282642364502300e-03
9.037786885164678444e-03 9.105164743959903023e-03
9.049372724257409226e-03 9.125315956771374096e-03
9.028553613461554050e-03 9.075986035168171623e-03
9.041637880727648735e-03 9.069133084267377853e-03
9.018203127197921276e-03 9.087774902582168579e-03
9.035162092186511257e-03 9.131186921149492958e-03
9.047216805629431507e-03 9.083757549524307598e-03
9.014573763124644756e-03 9.081079810857772133e-03
9.036023239605128071e-03 9.121942333877086639e-03
9.072835347615182747e-03 9.124196227639913212e-03
9.058097889646888473e-03 9.095502644777297627e-03
9.045437513850628636e-03 9.111414011567831733e-03
9.039976797066629627e-03 9.057855233550071716e-03
9.069537115283309719e-03 9.203147608786821365e-03
9.023579745553433548e-03 9.064571652561425469e-03
9.006682853214442036e-03 9.055315330624581077e-03
9.018435189500451782e-03 9.113179799169302681e-03
9.039524430409073136e-03 9.138760995119810451e-03
9.020063281059264443e-03 9.058943670243024132e-03
9.017637069337069294e-03 9.045664779841899525e-03
9.020646917633712292e-03 9.137272089719771645e-03
9.025523578748107303e-03 9.034433308988809933e-03
9.015279565937816750e-03 9.057760983705521324e-03
9.001266933046281685e-03 9.107626415789127697e-03
9.036270738579332135e-03 9.126836713403464058e-03
9.035579138435423027e-03 9.037708677351475456e-03
9.003556135576218020e-03 9.048317931592464794e-03
9.002674231305718075e-03 9.141631890088319778e-03
9.034110628999770382e-03 9.078064654022454522e-03
8.996351668611169555e-03 9.050901699811219475e-03
9.006621479056776264e-03 9.059557039290667274e-03
9.023182978853582642e-03 9.098995011299848557e-03
9.034945070743561138e-03 9.019543789327144970e-03
8.993657678365707744e-03 9.121028706431388855e-03
9.009468764998019435e-03 9.064560942351817391e-03
9.003657451830803654e-03 9.044641442596913078e-03
8.999048033729195595e-03 9.147562924772501339e-03
9.013812779448926796e-03 9.036296419799328197e-03
8.994926139712334026e-03 9.034558944404125908e-03
8.996752719394863346e-03 9.013012889772653927e-03
8.986668824218214252e-03 9.028925560414791107e-03
8.962297346442937851e-03 9.051796328276396492e-03
9.008923778310418129e-03 9.067537821829318653e-03
8.986437902785837303e-03 9.070762991905212055e-03
9.002693905495106827e-03 9.045280050486326218e-03
8.988041570410132755e-03 9.114363510161638954e-03
8.991276868619025101e-03 9.084468800574540745e-03
9.003685368224979141e-03 9.098559711128472935e-03
9.002484055235982288e-03 9.013418108224868774e-03
8.979313704185188511e-03 9.044590778648853649e-03
9.007866447791456482e-03 9.119192231446504246e-03
8.997567906044423233e-03 9.076809324324131706e-03
9.000912168994545590e-03 9.050924796611070633e-03
8.969159587286413063e-03 9.018097911030054439e-03
8.965520979836582791e-03 8.975427132099866867e-03
8.970019058324396610e-03 9.053440950810908577e-03
8.977986802347005107e-03 9.067931119352579464e-03
9.006382245570421913e-03 9.040722064673900951e-03
8.979807072319091060e-03 9.007022529840470054e-03
8.974857721477746617e-03 9.017355460673569939e-03
8.999528270214796413e-03 9.055428393185138009e-03
9.015056723728775284e-03 9.097089990973472595e-03
8.977749384939670563e-03 9.008015692234038613e-03
8.983671339228749622e-03 9.087392874062062004e-03
8.982953894883394935e-03 9.019500017166138042e-03
8.981367247179150928e-03 9.013428166508675315e-03
8.952479436993598591e-03 9.006688371300697327e-03
8.955203136429190983e-03 9.033469203859566948e-03
8.970872033387422562e-03 9.041257295757531773e-03
8.979395753704011787e-03 8.985806815326213490e-03
9.014137857593595288e-03 9.058522619307040821e-03
8.967336663044989803e-03 9.035389311611652721e-03
8.973889937624334595e-03 8.980694133788347591e-03
8.952881023287773826e-03 9.042645897716283451e-03
8.978110295720398773e-03 9.040995500981807709e-03
8.960688440129160187e-03 8.999063260853290211e-03
8.956990204751491547e-03 9.013200271874665867e-03
8.966145757585763237e-03 9.087752178311347614e-03
8.983444003388286331e-03 9.008243773132562290e-03
8.980015013366936943e-03 8.978405408561230053e-03
8.993025892414152969e-03 9.030224941670893929e-03
8.995605516247451305e-03 9.107678290456533085e-03
8.961972547695040703e-03 9.006654936820268284e-03
8.942958130501211383e-03 9.014797583222388527e-03
8.968792180530727257e-03 9.140454139560461391e-03
8.969256165437399994e-03 8.980424236506223332e-03
8.961628889665007591e-03 9.062100574374199261e-03
8.965372783131897103e-03 9.097840823233126900e-03
8.954886998981236718e-03 8.990375231951475490e-03
8.971726917661727169e-03 9.017732087522744786e-03
8.968524937517940304e-03 9.035839699208736420e-03
8.937544003129006126e-03 8.972828742116689682e-03
8.941993140615523208e-03 9.031303972005844810e-03
8.960155351087451675e-03 8.968891948461532940e-03
8.959513716399669300e-03 9.104501549154519688e-03
8.975364011712371956e-03 8.984546549618244518e-03
8.952991710975766529e-03 8.999707270413636814e-03
9.007686004042624733e-03 9.072091523557901036e-03
8.991843485273421505e-03 9.024150576442480434e-03
8.971405029296875694e-03 9.087154734879731785e-03
8.945310278795659889e-03 8.981281146407126686e-03
8.921747910790145397e-03 8.943844214081763874e-03
8.938056090846658100e-03 8.982459828257561424e-03
8.947733673267066479e-03 8.987638447433710792e-03
