1.999343782663345337e-01
1.999350488185882568e-01
1.999291032552719116e-01
1.999155879020690918e-01
1.998938024044036865e-01
1.998660415410995483e-01
1.998391449451446533e-01
1.998196840286254883e-01
1.998088806867599487e-01
1.998047828674316406e-01
1.998067498207092285e-01
1.998157948255538940e-01
1.998332440853118896e-01
1.998593211174011230e-01
1.998919695615768433e-01
1.999267190694808960e-01
1.999578475952148438e-01
1.999804824590682983e-01
1.999926567077636719e-01
1.999950706958770752e-01
1.999896019697189331e-01
1.999779939651489258e-01
1.999617666006088257e-01
1.999423503875732422e-01
1.999212354421615601e-01
1.998999863862991333e-01
1.998800039291381836e-01
1.998624354600906372e-01
1.998479515314102173e-01
1.998368352651596069e-01
1.998288631439208984e-01
1.998234093189239502e-01
1.998196691274642944e-01
1.998170167207717896e-01
1.998157203197479248e-01
1.998174190521240234e-01
1.998249590396881104e-01
1.998412013053894043e-01
1.998670846223831177e-01
1.999004334211349487e-01
1.999363154172897339e-01
1.999686807394027710e-01
1.999924331903457642e-01
2.000049650669097900e-01
2.000065892934799194e-01
1.999994516372680664e-01
1.999863535165786743e-01
1.999697983264923096e-01
1.999516338109970093e-01
1.999331563711166382e-01
1.999151706695556641e-01
1.998981982469558716e-01
1.998825818300247192e-01
1.998685002326965332e-01
1.998561322689056396e-01
1.998455971479415894e-01
1.998370289802551270e-01
1.998306214809417725e-01
1.998266726732254028e-01
1.998256444931030273e-01
1.998284906148910522e-01
1.998370438814163208e-01
1.998539119958877563e-01
1.998805254697799683e-01
1.999145448207855225e-01
1.999505311250686646e-01
1.999826282262802124e-01
2.000060230493545532e-01
2.000180780887603760e-01
2.000201642513275146e-01
2.000155150890350342e-01
2.000050544738769531e-01
1.999889761209487915e-01
1.999692320823669434e-01
1.999482065439224243e-01
1.999277323484420776e-01
1.999090015888214111e-01
1.998925805091857910e-01
1.998786777257919312e-01
1.998672336339950562e-01
1.998580396175384521e-01
1.998507976531982422e-01
1.998452395200729370e-01
1.998412609100341797e-01
1.998391002416610718e-01
1.998396962881088257e-01
1.998451948165893555e-01
1.998590379953384399e-01
1.998837143182754517e-01
1.999170631170272827e-01
1.999527662992477417e-01
1.999842226505279541e-01
2.000069320201873779e-01
2.000192105770111084e-01
2.000218033790588379e-01
2.000166028738021851e-01
2.000056207180023193e-01
1.999904364347457886e-01
1.999722570180892944e-01
1.999523788690567017e-01
1.999326497316360474e-01
1.999172419309616089e-01
1.999082863330841064e-01
1.999070495367050171e-01
1.999117732048034668e-01
1.999189406633377075e-01
1.999254822731018066e-01
1.999299228191375732e-01
1.999324262142181396e-01
1.999338567256927490e-01
1.999350637197494507e-01
1.999366879463195801e-01
1.999393403530120850e-01
1.999434828758239746e-01
1.999494433403015137e-01
1.999575197696685791e-01
1.999679356813430786e-01
1.999807059764862061e-01
1.999950557947158813e-01
2.000093460083007812e-01
2.000221908092498779e-01
2.000329047441482544e-01
2.000412195920944214e-01
2.000468224287033081e-01
2.000492662191390991e-01
2.000481933355331421e-01
2.000434845685958862e-01
2.000353932380676270e-01
2.000245600938796997e-01
2.000119686126708984e-01
1.999989151954650879e-01
1.999869048595428467e-01
1.999773830175399780e-01
1.999712884426116943e-01
1.999687403440475464e-01
1.999690532684326172e-01
1.999713331460952759e-01
1.999748647212982178e-01
1.999791264533996582e-01
1.999838799238204956e-01
1.999893635511398315e-01
1.999963819980621338e-01
2.000055760145187378e-01
2.000164687633514404e-01
2.000277042388916016e-01
2.000377476215362549e-01
2.000455707311630249e-01
2.000508606433868408e-01
2.000537216663360596e-01
2.000543922185897827e-01
2.000531405210494995e-01
2.000502496957778931e-01
2.000459730625152588e-01
2.000406533479690552e-01
2.000347375869750977e-01
2.000287175178527832e-01
2.000231891870498657e-01
2.000187635421752930e-01
2.000160068273544312e-01
2.000151723623275757e-01
2.000161409378051758e-01
2.000183016061782837e-01
2.000207453966140747e-01
2.000227719545364380e-01
2.000243514776229858e-01
2.000260055065155029e-01
2.000283300876617432e-01
2.000315338373184204e-01
2.000352442264556885e-01
2.000387310981750488e-01
2.000412791967391968e-01
2.000424265861511230e-01
2.000421136617660522e-01
2.000405639410018921e-01
2.000381797552108765e-01
2.000353336334228516e-01
2.000323683023452759e-01
2.000295221805572510e-01
2.000269442796707153e-01
2.000247985124588013e-01
2.000231742858886719e-01
2.000221908092498779e-01
2.000219523906707764e-01
2.000225484371185303e-01
2.000240385532379150e-01
2.000264525413513184e-01
2.000298202037811279e-01
2.000340521335601807e-01
2.000390589237213135e-01
2.000446319580078125e-01
2.000505477190017700e-01
2.000565081834793091e-01
2.000621557235717773e-01
2.000671476125717163e-01
2.000711709260940552e-01
2.000738978385925293e-01
2.000751048326492310e-01
2.000746428966522217e-01
2.000724226236343384e-01
2.000684589147567749e-01
2.000623941421508789e-01
2.000538706779479980e-01
2.000427991151809692e-01
2.000293731689453125e-01
2.000139355659484863e-01
1.999974250793457031e-01
1.999819129705429077e-01
1.999704092741012573e-01
1.999647468328475952e-01
1.999638676643371582e-01
1.999655067920684814e-01
1.999683082103729248e-01
1.999721378087997437e-01
1.999776363372802734e-01
1.999860405921936035e-01
1.999983638525009155e-01
2.000144869089126587e-01
2.000325173139572144e-01
2.000496089458465576e-01
2.000631988048553467e-01
2.000716477632522583e-01
2.000743895769119263e-01
2.000716924667358398e-01
2.000644356012344360e-01
2.000535130500793457e-01
2.000396102666854858e-01
2.000235021114349365e-01
2.000062465667724609e-01
1.999891847372055054e-01
1.999738812446594238e-01
1.999617069959640503e-01
1.999534815549850464e-01
1.999491006135940552e-01
1.999478340148925781e-01
1.999488770961761475e-01
1.999516934156417847e-01
1.999560743570327759e-01
1.999621689319610596e-01
1.999704837799072266e-01
1.999818980693817139e-01
1.999976783990859985e-01
2.000181078910827637e-01
2.000405788421630859e-01
2.000595927238464355e-01
2.000709921121597290e-01
2.000747174024581909e-01
2.000726312398910522e-01
2.000660747289657593e-01
2.000556737184524536e-01
2.000421434640884399e-01
2.000267803668975830e-01
2.000111639499664307e-01
1.999967098236083984e-01
1.999844312667846680e-01
1.999750882387161255e-01
1.999688446521759033e-01
1.999653130769729614e-01
1.999639123678207397e-01
1.999641358852386475e-01
1.999660581350326538e-01
1.999691575765609741e-01
1.999720185995101929e-01
1.999746263027191162e-01
1.999762356281280518e-01
1.999772191047668457e-01
1.999787837266921997e-01
1.999814659357070923e-01
1.999861001968383789e-01
1.999916434288024902e-01
1.999977678060531616e-01
2.000053972005844116e-01
2.000132501125335693e-01
2.000193744897842407e-01
2.000241875648498535e-01
2.000286281108856201e-01
2.000326663255691528e-01
2.000358104705810547e-01
2.000377476215362549e-01
2.000384479761123657e-01
2.000381648540496826e-01
2.000373154878616333e-01
2.000365406274795532e-01
2.000363916158676147e-01
2.000372856855392456e-01
2.000392526388168335e-01
2.000419497489929199e-01
2.000447213649749756e-01
2.000468671321868896e-01
2.000481784343719482e-01
2.000491619110107422e-01
2.000503987073898315e-01
2.000517994165420532e-01
2.000526636838912964e-01
2.000525742769241333e-01
2.000517547130584717e-01
2.000504732131958008e-01
2.000488638877868652e-01
2.000467479228973389e-01
2.000439763069152832e-01
2.000405341386795044e-01
2.000366747379302979e-01
2.000329196453094482e-01
2.000297009944915771e-01
2.000271379947662354e-01
2.000251859426498413e-01
2.000236958265304565e-01
2.000225186347961426e-01
2.000216543674468994e-01
2.000211924314498901e-01
2.000213116407394409e-01
2.000222206115722656e-01
2.000239342451095581e-01
2.000262439250946045e-01
2.000285685062408447e-01
2.000301927328109741e-01
2.000305801630020142e-01
2.000298053026199341e-01
2.000287622213363647e-01
2.000287175178527832e-01
2.000303417444229126e-01
2.000333517789840698e-01
2.000368237495422363e-01
2.000398933887481689e-01
2.000419795513153076e-01
2.000428736209869385e-01
2.000426203012466431e-01
2.000414729118347168e-01
2.000397741794586182e-01
2.000378668308258057e-01
2.000361382961273193e-01
2.000348716974258423e-01
2.000342607498168945e-01
2.000343948602676392e-01
2.000352144241333008e-01
2.000364810228347778e-01
2.000378668308258057e-01
2.000389844179153442e-01
2.000394612550735474e-01
2.000390887260437012e-01
2.000378966331481934e-01
2.000360786914825439e-01
2.000339329242706299e-01
2.000318020582199097e-01
2.000298351049423218e-01
2.000280767679214478e-01
2.000264227390289307e-01
2.000246196985244751e-01
2.000223696231842041e-01
2.000192850828170776e-01
2.000150084495544434e-01
2.000092417001724243e-01
2.000018209218978882e-01
1.999927759170532227e-01
1.999824643135070801e-01
1.999716162681579590e-01
1.999612748622894287e-01
1.999525129795074463e-01
1.999461352825164795e-01
1.999422460794448853e-01
1.999405175447463989e-01
1.999405175447463989e-01
1.999421864748001099e-01
1.999460756778717041e-01
1.999532580375671387e-01
1.999649852514266968e-01
1.999818980693817139e-01
2.000029087066650391e-01
2.000249177217483521e-01
2.000440061092376709e-01
2.000574469566345215e-01
2.000646293163299561e-01
2.000660598278045654e-01
2.000624835491180420e-01
2.000543624162673950e-01
2.000421583652496338e-01
2.000265270471572876e-01
2.000084817409515381e-01
1.999895572662353516e-01
1.999715715646743774e-01
1.999562829732894897e-01
1.999449431896209717e-01
1.999380439519882202e-01
1.999352872371673584e-01
1.999357342720031738e-01
1.999382376670837402e-01
1.999416202306747437e-01
1.999450474977493286e-01
1.999487727880477905e-01
1.999548077583312988e-01
1.999665349721908569e-01
1.999853849411010742e-01
2.000087350606918335e-01
2.000319361686706543e-01
2.000511288642883301e-01
2.000641673803329468e-01
2.000703364610671997e-01
2.000701874494552612e-01
2.000651061534881592e-01
2.000572085380554199e-01
2.000489383935928345e-01
2.000367343425750732e-01
2.000191509723663330e-01
2.000006288290023804e-01
1.999828368425369263e-01
1.999671012163162231e-01
1.999544501304626465e-01
1.999455243349075317e-01
1.999405473470687866e-01
1.999391764402389526e-01
1.999406516551971436e-01
1.999438703060150146e-01
1.999477148056030273e-01
1.999519467353820801e-01
1.999581903219223022e-01
1.999696046113967896e-01
1.999880373477935791e-01
2.000113576650619507e-01
2.000348716974258423e-01
2.000545710325241089e-01
2.000684887170791626e-01
2.000762224197387695e-01
2.000782936811447144e-01
2.000756561756134033e-01
2.000691741704940796e-01
2.000594288110733032e-01
2.000467181205749512e-01
2.000312805175781250e-01
2.000137269496917725e-01
1.999953240156173706e-01
1.999780833721160889e-01
1.999642401933670044e-01
1.999553591012954712e-01
1.999516338109970093e-01
1.999520808458328247e-01
1.999551802873611450e-01
1.999595463275909424e-01
1.999644786119461060e-01
1.999700963497161865e-01
1.999774128198623657e-01
1.999880820512771606e-01
2.000035494565963745e-01
2.000232785940170288e-01
2.000444233417510986e-01
2.000636309385299683e-01
2.000785917043685913e-01
2.000880986452102661e-01
2.000918090343475342e-01
2.000900357961654663e-01
2.000836431980133057e-01
2.000737339258193970e-01
2.000614404678344727e-01
2.000479251146316528e-01
2.000341415405273438e-01
2.000209838151931763e-01
2.000091224908828735e-01
1.999990940093994141e-01
1.999912261962890625e-01
1.999857425689697266e-01
1.999826729297637939e-01
1.999819278717041016e-01
1.999833285808563232e-01
1.999866217374801636e-01
1.999916732311248779e-01
1.999984085559844971e-01
2.000070512294769287e-01
2.000179737806320190e-01
2.000313401222229004e-01
2.000466585159301758e-01
2.000626027584075928e-01
2.000772804021835327e-01
2.000888884067535400e-01
2.000961303710937500e-01
2.000984549522399902e-01
2.000960558652877808e-01
2.000896930694580078e-01
2.000803649425506592e-01
2.000689059495925903e-01
2.000559121370315552e-01
2.000420391559600830e-01
2.000283151865005493e-01
2.000160515308380127e-01
2.000066041946411133e-01
2.000006884336471558e-01
1.999981850385665894e-01
1.999982893466949463e-01
2.000000476837158203e-01
2.000028043985366821e-01
2.000064253807067871e-01
2.000113129615783691e-01
2.000183165073394775e-01
2.000286281108856201e-01
2.000432163476943970e-01
2.000615000724792480e-01
2.000801712274551392e-01
2.000951468944549561e-01
2.001049965620040894e-01
2.001105844974517822e-01
2.001129984855651855e-01
2.001125812530517578e-01
2.001092880964279175e-01
2.001029849052429199e-01
2.000929266214370728e-01
2.000804245471954346e-01
2.000664621591567993e-01
2.000521123409271240e-01
2.000387609004974365e-01
2.000279277563095093e-01
2.000204920768737793e-01
2.000159621238708496e-01
2.000130861997604370e-01
2.000109851360321045e-01
2.000095397233963013e-01
2.000091373920440674e-01
2.000105828046798706e-01
2.000147402286529541e-01
2.000223845243453979e-01
2.000337839126586914e-01
2.000480741262435913e-01
2.000629156827926636e-01
2.000746130943298340e-01
