# Training_Loss,Validation_Loss
4.146191361360251904e-02 2.464831508696079324e-02
2.401538412086665769e-02 2.397483363747596880e-02
2.388064404949545930e-02 2.396087702363729546e-02
2.387318783439695835e-02 2.395852748304605484e-02
2.387518007308244566e-02 2.395676802843809197e-02
2.387027209624648094e-02 2.395491544157266756e-02
2.387202791869640420e-02 2.395405881106853554e-02
2.387083400972187658e-02 2.395325805991888046e-02
2.386987968347966532e-02 2.395265102386474540e-02
2.386781135573983262e-02 2.395251877605915000e-02
2.386832316406071325e-02 2.395268399268388887e-02
2.386821513064205785e-02 2.395094223320484023e-02
2.386723710224032333e-02 2.395122516900300910e-02
2.386698056943714619e-02 2.395036742091178825e-02
2.386669823899865289e-02 2.395096160471439292e-02
2.386822514235973497e-02 2.395080421119928291e-02
2.386639430187642574e-02 2.395023871213197708e-02
2.386675393208861212e-02 2.395049594342708518e-02
2.386689106933772425e-02 2.395083252340555330e-02
2.386713731102645467e-02 2.395162917673587799e-02
2.386841205880045960e-02 2.395324110984802315e-02
2.386672133579850058e-02 2.394973449409008165e-02
2.386436937376856804e-02 2.394891548901796272e-02
2.386852917261421750e-02 2.395137064158916335e-02
2.386664161458611558e-02 2.395305708050727775e-02
2.386869955807924271e-02 2.395599819719791343e-02
2.386631611734628747e-02 2.395100202411413332e-02
2.386714974418282370e-02 2.395194116979837418e-02
2.386549729853868623e-02 2.394869029521942000e-02
2.386571792885661125e-02 2.395004760473966668e-02
2.386659407056868076e-02 2.395053580403327942e-02
2.387027502991258959e-02 2.395707480609416892e-02
2.387322206050157547e-02 2.395336721092462470e-02
2.386554703116416931e-02 2.394752688705921104e-02
2.387401899322867324e-02 2.396255042403936525e-02
2.389706252142786980e-02 2.402240801602601936e-02
2.394134406931698253e-02 2.394978385418653627e-02
2.387317484244704316e-02 2.395537979900836875e-02
2.387957694008946419e-02 2.395857814699411253e-02
2.389793596230447431e-02 2.406309228390455385e-02
2.403284772299230099e-02 2.397389262914657523e-02
2.393996203318238258e-02 2.400696501135825972e-02
2.387216016650199960e-02 2.398720122873783042e-02
2.386868866160512040e-02 2.395461406558752060e-02
2.386727160774171352e-02 2.395228780806064536e-02
2.386263264343142440e-02 2.395215816795825958e-02
2.386214854195713858e-02 2.394774351269006799e-02
2.387513620778918336e-02 2.396915573626756668e-02
2.390514765866100927e-02 2.395366299897432397e-02
2.394743487238883833e-02 2.413961384445428848e-02
2.388427783735096524e-02 2.394936438649892738e-02
2.387301428243517737e-02 2.394996229559183051e-02
2.388913016766309669e-02 2.396163847297429900e-02
2.387581081129610400e-02 2.395009249448776245e-02
2.386494888924062252e-02 2.394609712064266205e-02
2.386330859735608101e-02 2.394761722534894874e-02
2.386604007333516936e-02 2.394904959946870734e-02
2.388613815419375966e-02 2.394840028136968613e-02
2.387037957087159018e-02 2.394789494574069838e-02
2.386700310744345119e-02 2.397602219134569237e-02
2.386804600246250629e-02 2.394875977188348770e-02
2.388972528278827598e-02 2.395607810467481613e-02
2.390899113379418850e-02 2.395172566175460954e-02
2.386841946281492710e-02 2.394490893930196693e-02
2.386403526179492474e-02 2.394939064979553084e-02
2.388705085031688283e-02 2.395242154598236153e-02
2.395914900116622587e-02 2.406198065727949142e-02
2.396721630357205937e-02 2.395595051348209381e-02
2.386725642718374660e-02 2.394580673426389625e-02
2.386061190627515247e-02 2.394711747765541215e-02
2.386232130229472975e-02 2.396357860416174074e-02
2.386420005932450225e-02 2.394711133092641830e-02
2.386747715063393047e-02 2.394575010985135893e-02
2.387381359003484110e-02 2.394566293805837701e-02
2.386549590155482431e-02 2.398714721202850272e-02
2.387148765847086837e-02 2.396592441946267943e-02
2.389070214703679224e-02 2.395560126751661301e-02
2.392430547624826292e-02 2.397798094898462296e-02
2.387189590372145245e-02 2.394396942108869414e-02
2.386156120337545872e-02 2.394701223820448061e-02
2.386556505225598951e-02 2.394275777041911940e-02
2.386625981889665266e-02 2.395181972533464571e-02
2.386651961132884095e-02 2.395000271499157091e-02
2.387097822502255370e-02 2.394815906882286072e-02
2.387265744619071484e-02 2.420967742800712516e-02
2.388668288476765086e-02 2.395413592457771440e-02
2.386352727189660142e-02 2.394922599196434160e-02
2.387993871234357288e-02 2.395116668194532256e-02
2.387254009954631329e-02 2.395982015877962112e-02
2.388260751031339238e-02 2.395666576921939850e-02
2.394288554787635942e-02 2.408839128911495139e-02
2.389586302451789449e-02 2.394557353109121392e-02
2.386430003680288861e-02 2.394738662987947603e-02
2.386507564224302907e-02 2.394406907260417799e-02
2.386299399659037521e-02 2.394515853375196388e-02
2.386198700405657222e-02 2.394406422972679069e-02
2.386136688292026659e-02 2.394441086798906188e-02
2.386489273048937251e-02 2.394320461899042060e-02
2.386776884086429934e-02 2.395624890923499922e-02
2.388906707055866649e-02 2.401047237217426161e-02
2.390158227644860814e-02 2.395941950380802224e-02
2.386495782993734022e-02 2.394856773316860268e-02
2.386388345621526241e-02 2.394554894417524199e-02
2.386579751037061145e-02 2.395749241113662859e-02
2.386895725503563812e-02 2.395985666662454536e-02
2.386270673014223576e-02 2.394212801009416511e-02
2.386082317680120538e-02 2.394257951527833939e-02
2.386213988065719743e-02 2.394386604428291182e-02
2.387564126402139802e-02 2.395422328263521056e-02
2.388222087174653868e-02 2.398227900266647339e-02
2.388585191220045020e-02 2.394971512258052895e-02
2.386521799489855697e-02 2.394562810659408431e-02
2.386200693435967107e-02 2.394232135266065667e-02
2.386058429256081651e-02 2.394086942076683114e-02
2.386077358387410710e-02 2.395331095904111932e-02
2.387354369275272031e-02 2.397356983274221559e-02
2.387881004251539777e-02 2.394175436347723007e-02
2.386333169415593217e-02 2.394304852932691713e-02
2.386405551806092262e-02 2.396312523633241723e-02
2.386057814583182266e-02 2.394371591508388450e-02
2.386256158351898055e-02 2.396423555910587311e-02
2.386521380394697120e-02 2.394236549735069206e-02
2.386477920226752827e-02 2.399859521538019042e-02
2.386412136256694724e-02 2.394404467195272376e-02
2.386528379283845563e-02 2.394589111208915780e-02
2.386023239232599666e-02 2.394738849252462526e-02
2.386370012536644797e-02 2.394542060792446275e-02
2.386898868717253139e-02 2.394049819558858802e-02
2.386470800265669961e-02 2.394210267812013626e-02
2.385997502133250375e-02 2.395235486328601768e-02
2.386545436456799507e-02 2.395764365792274475e-02
2.387304422445595334e-02 2.394981347024440627e-02
2.386167994700372219e-02 2.394970152527093818e-02
2.386780842207372050e-02 2.394369225949049065e-02
2.386153237894177506e-02 2.394866701215505461e-02
2.387040392495691846e-02 2.394298780709504942e-02
2.386033246293663840e-02 2.394214980304241319e-02
2.386559504084289143e-02 2.396176997572183748e-02
2.386570628732442856e-02 2.394211255013942857e-02
2.386538772843778064e-02 2.394525296986103197e-02
2.387078404426574638e-02 2.396211531013250212e-02
2.387845902703702311e-02 2.395758945494890282e-02
2.388372747227549692e-02 2.395075950771570136e-02
2.386220879852771898e-02 2.394963819533586433e-02
2.386175980791449547e-02 2.394031081348657608e-02
2.386923450976610045e-02 2.395462337881326675e-02
2.387427482753991942e-02 2.396885026246309280e-02
2.390156215988099506e-02 2.395227048546075960e-02
2.386209359392523627e-02 2.394501008093357156e-02
2.385972412303090026e-02 2.394331786781549523e-02
2.386321290396153927e-02 2.394330054521560600e-02
2.385898125357925961e-02 2.395172342658042838e-02
2.385713066905736923e-02 2.394186593592166970e-02
2.385969329625368257e-02 2.396077606827020506e-02
2.386313518509268830e-02 2.394052483141422341e-02
2.385910684242844443e-02 2.393860761076211860e-02
2.385697965510189672e-02 2.395083718001842638e-02
2.385648796334862570e-02 2.394144702702760696e-02
2.386119291186332772e-02 2.395067717880010674e-02
2.388779511675238540e-02 2.403770834207534859e-02
2.387902587652206490e-02 2.394007500261068414e-02
2.386589692905545165e-02 2.396027538925409386e-02
2.387185846455395360e-02 2.394891381263732771e-02
2.386697963811457157e-02 2.393884342163801054e-02
2.385973734781145911e-02 2.395014129579067091e-02
2.385624726302921703e-02 2.393711116164922575e-02
2.386606526561081340e-02 2.394403349608182838e-02
2.385828290134668281e-02 2.393857650458812783e-02
2.386086024343967577e-02 2.393854875117540359e-02
2.385384170338511467e-02 2.394049093127250533e-02
2.386058722622692516e-02 2.395574972033500533e-02
2.387513928115368028e-02 2.394309546798467636e-02
2.386855371296405653e-02 2.394002918154001375e-02
2.385773197747766833e-02 2.394697647541761329e-02
2.385809612460434298e-02 2.393524125218391557e-02
2.385724042542278905e-02 2.394390702247619490e-02
2.387433629482984404e-02 2.393516469746827940e-02
2.385913897305726866e-02 2.393263913691043993e-02
2.385537959635257790e-02 2.393345888704061578e-02
2.385197533294558525e-02 2.393852248787880013e-02
2.385406913235783508e-02 2.394934557378292084e-02
2.385120112448930671e-02 2.392895612865686417e-02
2.384909717366099496e-02 2.394198477268218855e-02
2.385757970623671870e-02 2.394464276731014113e-02
2.385455630719661782e-02 2.393288966268301149e-02
2.384762479923665385e-02 2.393434643745422433e-02
2.385848020203411649e-02 2.393611669540405412e-02
2.383813345804810385e-02 2.392835523933172295e-02
2.383535481058061262e-02 2.394650410860776901e-02
2.385445372201502184e-02 2.397764585912227561e-02
2.382842935621738364e-02 2.388658579438924720e-02
2.378781274892389705e-02 2.387128975242376258e-02
2.377741853706538677e-02 2.382845617830753326e-02
2.372214770875871043e-02 2.380336169153451920e-02
2.368500432930886745e-02 2.370709758251905372e-02
2.361479490064084460e-02 2.365253921598196168e-02
2.356594656594097545e-02 2.367348894476890495e-02
2.351232562214135985e-02 2.356300894170999458e-02
2.350211720913648536e-02 2.367491945624351432e-02
2.345452075824141364e-02 2.353073246777057786e-02
2.341534397564828257e-02 2.362435124814510345e-02
2.338720392435789108e-02 2.346697840839624336e-02
2.334929690696298937e-02 2.340150400996208330e-02
2.337297704070806503e-02 2.335573974996805330e-02
2.329953233711421628e-02 2.336973138153553009e-02
2.318314248695969512e-02 2.377312537282705307e-02
2.322994838468730311e-02 2.313928287476301263e-02
2.312005748972296645e-02 2.312059327960014343e-02
2.300895056687295506e-02 2.306899409741163323e-02
2.297565522603690555e-02 2.286656610667705397e-02
2.284093084745109081e-02 2.272544745355844359e-02
2.266861526295542786e-02 2.258937861770391603e-02
2.236732374876737595e-02 2.220960706472396851e-02
2.281374344602227211e-02 2.216857764869928360e-02
2.194622890092432638e-02 2.177896257489919662e-02
2.158573186025023599e-02 2.141211517155170579e-02
2.119370838627219339e-02 2.099382337182760169e-02
2.086499459110200544e-02 2.063702512532472610e-02
2.088035112246871064e-02 2.089521922171115945e-02
2.044935645535588334e-02 2.011789884418248991e-02
2.016188371926546166e-02 1.997835207730531623e-02
2.000229666009545326e-02 1.976015828549861769e-02
1.989483041688799858e-02 1.967947464436292648e-02
1.972497245296835761e-02 1.949223261326551299e-02
1.959084686823189120e-02 1.932528484612703462e-02
1.955318879336118837e-02 1.937162708491086890e-02
1.934883864596486161e-02 1.904814112931490014e-02
1.950232801027595997e-02 1.903147026896476884e-02
1.904480922967195441e-02 1.886437647044658661e-02
1.895700204186141422e-02 1.873530857264995436e-02
1.881676856428384642e-02 1.864153388887643953e-02
1.889252159744501253e-02 1.853633336722850661e-02
1.869068383239209583e-02 1.838146336376667023e-02
1.844986388459801674e-02 1.834697555750608444e-02
1.842331504449248175e-02 1.828175242990255286e-02
1.827855915762484004e-02 1.816860549151897569e-02
1.819538259878754685e-02 1.796199083328247140e-02
1.796104460954666207e-02 1.833060402423143317e-02
1.800841195508837839e-02 1.768808905035257339e-02
1.777186514809727530e-02 1.741733141243457725e-02
1.765170297585427761e-02 1.748264916241169115e-02
1.732982257381081651e-02 1.718772333115339140e-02
1.707579442299902300e-02 1.680745240300893922e-02
1.697663338854909013e-02 1.665841992944478919e-02
1.668219096027314524e-02 1.639594472944736619e-02
1.653072186745703151e-02 1.641540266573428969e-02
1.643249981570988824e-02 1.616256311535835266e-02
1.610139571130275726e-02 1.580190435051918169e-02
1.596051403321325710e-02 1.595194516703486373e-02
1.581919773016125103e-02 1.563574699684977531e-02
1.559992970433086122e-02 1.550825107842683862e-02
1.571279540657997270e-02 1.570788016542792181e-02
1.543312666472047498e-02 1.511184219270944595e-02
1.519667138345539605e-02 1.497114105150103638e-02
1.507185851223766769e-02 1.489754337817430531e-02
1.496398027520626749e-02 1.477084690704941715e-02
1.500780698843300412e-02 1.474155932664871285e-02
1.475344924256205559e-02 1.455384902656078373e-02
1.473817988298833405e-02 1.443744543939828873e-02
1.462408751249313389e-02 1.452075960114598309e-02
1.462251590564847027e-02 1.428215429186821019e-02
1.444158940576016972e-02 1.483772434294223716e-02
1.439842067193239893e-02 1.416790988296270405e-02
1.425314343068748678e-02 1.414315979927778175e-02
1.427046565804630449e-02 1.400016639381647041e-02
1.408981336280703579e-02 1.404875721782445838e-02
1.411893146578222479e-02 1.388011677190661465e-02
1.410915439482778380e-02 1.375062074512243236e-02
1.393388991709798574e-02 1.369768651202321087e-02
1.383208413608372211e-02 1.363257113844156335e-02
1.380834409501403501e-02 1.357738627120852470e-02
1.372285110410302947e-02 1.352050108835101128e-02
1.370810454245656798e-02 1.359570687636733020e-02
1.375157849397510255e-02 1.337546864524483646e-02
1.353869135491550003e-02 1.334218187257647445e-02
1.350095558445900748e-02 1.333702094852924278e-02
1.341740256175398896e-02 1.338517898693680763e-02
1.342518485616892542e-02 1.327160364016890561e-02
1.335418988019227912e-02 1.322121145203709533e-02
1.328976619988679955e-02 1.329625556245446136e-02
1.331947082653641735e-02 1.301554478704929421e-02
1.316724279895424912e-02 1.301857596263289452e-02
1.312877158634364640e-02 1.293819779530167545e-02
1.316400119103491341e-02 1.294128410518169403e-02
1.305525652132928302e-02 1.294147828593850136e-02
1.299464548937976326e-02 1.279231375083327363e-02
1.289790449663996696e-02 1.278825346380472149e-02
1.295708129182457889e-02 1.270018545910716126e-02
1.281868414953351090e-02 1.265910398215055500e-02
1.277433829382062028e-02 1.258316682651638985e-02
1.285343740601092508e-02 1.261495351791381767e-02
1.266463878564536537e-02 1.250558225437998702e-02
1.261598831042647431e-02 1.250381441786885262e-02
1.264382458757609164e-02 1.246882230043411255e-02
1.256373126525431837e-02 1.243853028863668372e-02
1.251259117852896417e-02 1.235862262547016144e-02
1.244649768341332674e-02 1.236357949674129521e-02
1.238691846374422381e-02 1.224692156538367306e-02
1.236410716082900728e-02 1.224387418478727410e-02
1.233635952230542968e-02 1.240432262420654297e-02
1.218914859928190743e-02 1.208359478041529621e-02
1.214796132408082520e-02 1.210786243900656770e-02
1.206968443002551759e-02 1.197568522766232456e-02
1.202056468464434216e-02 1.193929556757211685e-02
1.199195098597556283e-02 1.194259934127330815e-02
1.193813832942396472e-02 1.206048922613263061e-02
1.192146900575608015e-02 1.185795310884714057e-02
1.179511137306690251e-02 1.164916483685374260e-02
1.170221376232802833e-02 1.161235133185982774e-02
1.167835667729377747e-02 1.155819185078144073e-02
1.160476643126457860e-02 1.162824882194399799e-02
1.163554263766855036e-02 1.149250278249383007e-02
1.148202796466648613e-02 1.144206291064620018e-02
1.143468001391738723e-02 1.139379506930708955e-02
1.144974268972873653e-02 1.134552769362926448e-02
1.143295180518180167e-02 1.126425126567482879e-02
1.132663870230317046e-02 1.126282270997762749e-02
1.128124233800917829e-02 1.117486283183097805e-02
1.127384398132562707e-02 1.108913477510213921e-02
1.119438381865620578e-02 1.122406739741563762e-02
1.114991903305053746e-02 1.119724260643124511e-02
1.118582605849951540e-02 1.125532174482941558e-02
1.111559898126870428e-02 1.109344447031617234e-02
1.108716803137213026e-02 1.092117587104439805e-02
1.103084071073681151e-02 1.109517626464366982e-02
1.099954880774021114e-02 1.091518541797995533e-02
1.099545904435217381e-02 1.092087859287857975e-02
1.089723345357924630e-02 1.086063012480735848e-02
1.090302446391433477e-02 1.081167804077267681e-02
1.087793970946222474e-02 1.085677985101938213e-02
1.085352818481624161e-02 1.080578807741403545e-02
1.081341104581952026e-02 1.087851244956255028e-02
1.087696582544595003e-02 1.068489821627736057e-02
1.075463085435330798e-02 1.065403353422880207e-02
1.072656656615436112e-02 1.072014924138784374e-02
1.071919566020369460e-02 1.062245331704616581e-02
1.068331529386341502e-02 1.052827127277851035e-02
1.060654290486127103e-02 1.050760485231876443e-02
1.054608714766800369e-02 1.050454434007406200e-02
1.055497177876532112e-02 1.047225715592503548e-02
1.050837482325732777e-02 1.042618611827492679e-02
1.065751062706112896e-02 1.047178348526358639e-02
1.045395329128950834e-02 1.042844457551836933e-02
1.042482019402086665e-02 1.041771369054913556e-02
1.041452023200690677e-02 1.031068563461303746e-02
1.034256499260663952e-02 1.039224844425916741e-02
1.044644576031714643e-02 1.023133918642997811e-02
1.030531793367117643e-02 1.051358524709939887e-02
1.034635321702808211e-02 1.025128038600087166e-02
1.025950605981051922e-02 1.018595062196254661e-02
1.020772836636751890e-02 1.015872014686465194e-02
1.020226064138114383e-02 1.015805182978510822e-02
1.022208859212696622e-02 1.024604290723800729e-02
1.019518983084708418e-02 1.021512662991881301e-02
1.022386397235095466e-02 1.021285876631736721e-02
1.017512308899313177e-02 1.002375120297074353e-02
1.011818214319646324e-02 1.002237638458609512e-02
1.007650061510503327e-02 1.018945164978504216e-02
1.011524596251547371e-02 1.005089683458209107e-02
1.007799033541232313e-02 9.942652378231286309e-03
1.004145767074078252e-02 9.927853010594844818e-03
9.997077356092631123e-03 9.912436921149491917e-03
9.963590814732015827e-03 1.004172684624791111e-02
9.972427645698190082e-03 9.940161742269993175e-03
1.000509476289153030e-02 9.877188969403505672e-03
1.001346425618976355e-02 9.858256671577692032e-03
9.977080626413226128e-03 9.981960058212280273e-03
9.945374308153986584e-03 9.845402650535106312e-03
9.907540376298129212e-03 9.885214827954768788e-03
9.878576640039682735e-03 9.813288971781731346e-03
9.917811490595340729e-03 9.774480760097504356e-03
9.866910730488598000e-03 1.000855984166264603e-02
9.902932681143283844e-03 9.770875610411167839e-03
9.879748104140162468e-03 9.803960099816322327e-03
9.873359231278300285e-03 9.804447460919619300e-03
9.809086914174258709e-03 9.740729164332152107e-03
9.798969398252666343e-03 9.707906190305948604e-03
9.812837233766913414e-03 9.768316801637411811e-03
9.803479979746043335e-03 9.745653346180915486e-03
9.788218559697270740e-03 9.900754597038031318e-03
9.822831954807043076e-03 9.821470081806182167e-03
9.780433261767029762e-03 9.768397361040116050e-03
9.821984777227043759e-03 9.640506748110056617e-03
9.732123790308832775e-03 9.719900507479905388e-03
9.708964335732161305e-03 9.652280993759632804e-03
9.724877681583166469e-03 9.707579482346772801e-03
9.694070788100361824e-03 9.642823599278926849e-03
9.673048160038888454e-03 9.615049976855517128e-03
9.732019947841763149e-03 1.002022204920649529e-02
9.753380250185728767e-03 9.602488018572330475e-03
9.661743720062076352e-03 9.635316673666238785e-03
9.686759859323500893e-03 9.600546211004257202e-03
9.705474949441850185e-03 9.676971379667520870e-03
9.623905434273183693e-03 9.563595429062843670e-03
9.604841703549027443e-03 9.537925198674201271e-03
9.604690875858069160e-03 9.561337437480688442e-03
9.613343491218983780e-03 9.660191182047129371e-03
9.655174519866704247e-03 9.860765282064675938e-03
9.665731573477387428e-03 9.535033535212279060e-03
9.599736402742564331e-03 9.657780919224024513e-03
9.653052035719155571e-03 9.625928290188313224e-03
9.661407512612640164e-03 9.837275836616754532e-03
9.650995419360697963e-03 9.553927462548017502e-03
9.619299205951392651e-03 9.507927950471639980e-03
9.589428501203655503e-03 9.623444452881813743e-03
9.558540116995573738e-03 9.471357241272926678e-03
9.505268465727568367e-03 9.479285124689340938e-03
9.531988413073122501e-03 9.461368620395659707e-03
9.603492659516632210e-03 9.475569799542426716e-03
9.587061358615756035e-03 9.469577856361866691e-03
9.512902097776531826e-03 9.446390904486179352e-03
9.512017993256450393e-03 9.474468883126974106e-03
9.531095717102288853e-03 9.583425894379615090e-03
9.530270658433436654e-03 9.501285664737225273e-03
9.521384793333708546e-03 9.718417748808860432e-03
9.505893150344491699e-03 9.461505524814128182e-03
9.498671209439635971e-03 9.804021939635277141e-03
9.526912099681794296e-03 9.440589137375355114e-03
9.496726933866739620e-03 9.457699209451674721e-03
9.531412622891366482e-03 9.406795725226402283e-03
9.453978203237057426e-03 9.399105515331029198e-03
9.478904097341001381e-03 9.505405928939581264e-03
9.566949401050805352e-03 9.420913364738225243e-03
9.474484575912356030e-03 9.395320992916822087e-03
9.462732891552149556e-03 9.393751341849564812e-03
9.470899053849280574e-03 9.473953116685151360e-03
9.462461108341813087e-03 9.340630844235420227e-03
9.419276425614953735e-03 9.373296704143285057e-03
9.436790365725755692e-03 9.344449359923600804e-03
9.421860612928868034e-03 9.394977614283562053e-03
9.431229555048048496e-03 9.452400077134371498e-03
9.456315729767083428e-03 9.392500855028629303e-03
9.428566368296743133e-03 9.540832322090863488e-03
9.457749268040060303e-03 9.455495700240134499e-03
9.412851487286388180e-03 9.361022152006626129e-03
9.400440123863517891e-03 9.371641464531422008e-03
9.503447427414357315e-03 9.586668852716685035e-03
9.440872143022716392e-03 9.382669348269701004e-03
9.427162935025990009e-03 9.359683003276586186e-03
9.432181669399141571e-03 9.566815197467803608e-03
9.531126520596445301e-03 9.380159154534339211e-03
9.370078588835895408e-03 9.308541100472212185e-03
9.420224837958813061e-03 9.432020876556635597e-03
9.390479326248169292e-03 9.456722345203161934e-03
9.398915246129036297e-03 9.377660509198904731e-03
9.369371482171118606e-03 9.341072663664818157e-03
9.377078758552670826e-03 9.362036455422639500e-03
9.396272106096148144e-03 9.501162264496088722e-03
9.406810509972274303e-03 9.315083082765341499e-03
9.384690038859843514e-03 9.320704452693461678e-03
9.352604881860316147e-03 9.343013074249029506e-03
9.331748494878411640e-03 9.296268410980700753e-03
9.371898439712821743e-03 9.386088885366915963e-03
9.366121771745384433e-03 9.417779743671417236e-03
9.572324971668422916e-03 9.388599824160338142e-03
9.390570712275803436e-03 9.271315671503544201e-03
9.328062552958727230e-03 9.310304373502730629e-03
9.372242330573498509e-03 9.298952762037515640e-03
9.338913112878799092e-03 9.247155860066413879e-03
9.330605063587427486e-03 9.255525004118681648e-03
9.333060798235237251e-03 9.240556973963975906e-03
9.351292857900261879e-03 9.244528412818909385e-03
9.313809918239712715e-03 9.237574599683284066e-03
9.374145045876502644e-03 9.366038162261247982e-03
9.373153466731310238e-03 9.521511103957890770e-03
9.367836476303636334e-03 9.319134522229433060e-03
9.363481076434254646e-03 9.234186075627804496e-03
9.324196772649884918e-03 9.216169081628321907e-03
9.284835378639399311e-03 9.230770729482173573e-03
9.262382425367832531e-03 9.291380457580090263e-03
9.301872947253287185e-03 9.233061876147984764e-03
9.312509768642484795e-03 9.269818942993880012e-03
9.298209683038294315e-03 9.280642494559288025e-03
9.314106847159563801e-03 9.196601528674363396e-03
9.264584025368094097e-03 9.224424604326486588e-03
9.360302076674997113e-03 9.347082022577524532e-03
9.316141786985098622e-03 9.259155299514532783e-03
9.311522962525487293e-03 9.250203892588616111e-03
9.318423341028392315e-03 9.385306946933269154e-03
9.296980593353510250e-03 9.276879392564297069e-03
9.312171675264834664e-03 9.246777463704346917e-03
9.348530601710081794e-03 9.202574100345372460e-03
9.243255434557794831e-03 9.301459509879350315e-03
9.293611464090644619e-03 9.247523732483386993e-03
9.295078692957758904e-03 9.338743332773447731e-03
9.312446066178380749e-03 9.222469478845595620e-03
9.257575683295726082e-03 9.209272544831037174e-03
9.272283571772278049e-03 9.223151765763760307e-03
9.375418862327932965e-03 9.342451207339763294e-03
9.330040612258016369e-03 9.187947586178779255e-03
9.261532709933817734e-03 9.187292028218507073e-03
9.238865016959607948e-03 9.190827235579490315e-03
9.272700455039740303e-03 9.227321017533540726e-03
9.246846265159546635e-03 9.157592803239822735e-03
9.242752590216696609e-03 9.168983437120914459e-03
9.219153714366257885e-03 9.236937481909989964e-03
9.224048466421663761e-03 9.264775179326533924e-03
9.308397746644913803e-03 9.302080329507588646e-03
9.253889485262335041e-03 9.166759345680475582e-03
9.267663746140897968e-03 9.336046036332845341e-03
9.251187485642731884e-03 9.234357345849274895e-03
9.287334349937736294e-03 9.540331177413463246e-03
9.293670742772519242e-03 9.144221525639295231e-03
9.243955463171004902e-03 9.159243945032358863e-03
9.249931084923446178e-03 9.180463384836912155e-03
9.239356708712875496e-03 9.144424647092818520e-03
9.270257432945072651e-03 9.258471988141536366e-03
9.230391145683825363e-03 9.176235646009445190e-03
9.221085719764232982e-03 9.239423554390668869e-03
9.204957983456552029e-03 9.146996680647135128e-03
9.194759326055646290e-03 9.161901101469993938e-03
9.271307312883437374e-03 9.170091152191162456e-03
9.240600001066922448e-03 9.261330030858517040e-03
9.264066745527089336e-03 9.230385720729827187e-03
9.267958370037377228e-03 9.157950431108475078e-03
9.222341817803680897e-03 9.215077199041844108e-03
9.192361985333264221e-03 9.116861782968044975e-03
9.205800155177712787e-03 9.135080780833960273e-03
9.203206398524343967e-03 9.174548182636499058e-03
9.274668572470546463e-03 9.199746418744325638e-03
9.217420243658125401e-03 9.117789845913649299e-03
9.200010867789387009e-03 9.148121345788240433e-03
9.193575149402022709e-03 9.158174600452184330e-03
9.225314739160240043e-03 9.106373786926269878e-03
9.168187109753488800e-03 9.109484124928712498e-03
9.199091163463891246e-03 9.244731627404689789e-03
9.269087924621999264e-03 9.112088475376367569e-03
9.181465115398168217e-03 9.197044838219880364e-03
9.186478471383452762e-03 9.142953064292668949e-03
9.197707730345427643e-03 9.150610212236643184e-03
9.290055837482213974e-03 9.389608446508646705e-03
9.211746579967438481e-03 9.097076486796140671e-03
9.192030993290245533e-03 9.114235360175370476e-03
9.162758779712020657e-03 9.094386920332908283e-03
9.150736546143890121e-03 9.125868882983922611e-03
9.179551294073462833e-03 9.105205070227384567e-03
9.188376669771968625e-03 9.185447823256254196e-03
9.159129275940359333e-03 9.110105037689209678e-03
9.213770157657563686e-03 9.120278432965278972e-03
9.172117686830461025e-03 9.183613862842322090e-03
9.166777855716646065e-03 9.224798344075680473e-03
9.261534176766872059e-03 9.223362058401107441e-03
9.155187825672327778e-03 9.077307023108004830e-03
9.181390004232525132e-03 9.263291116803884159e-03
9.160060179419815193e-03 9.086970984935761192e-03
9.151221043430269111e-03 9.149610064923763275e-03
9.206990525126457908e-03 9.320189338177442204e-03
9.263892308808863163e-03 9.099321253597737053e-03
9.126367373391985546e-03 9.055083896964789131e-03
9.103828226216137409e-03 9.053810220211743615e-03
9.123156941495836475e-03 9.122300613671540520e-03
9.148560441099106919e-03 9.094144683331251144e-03
9.143492812290788044e-03 9.062002692371607521e-03
9.125811839476227413e-03 9.144612774252890847e-03
9.134443080984055302e-03 9.148038551211356770e-03
9.140358492732047341e-03 9.144390746951103904e-03
9.139826521277427673e-03 9.028093982487916599e-03
9.097807900980114590e-03 9.111875854432582161e-03
9.199622739106416008e-03 9.512228891253471375e-03
9.134461032226681362e-03 9.071664791554212917e-03
9.127501933835446141e-03 9.128537867218256344e-03
9.100296976976096283e-03 9.071433264762163856e-03
9.172615990974009731e-03 9.104309231042861592e-03
9.136841446161270835e-03 9.083551447838544499e-03
9.130061510950327267e-03 9.103797283023596157e-03
9.105777181684971550e-03 9.078978095203638077e-03
9.131228318437933922e-03 9.060967899858950875e-03
9.082372696138919094e-03 9.040877874940633080e-03
9.113877103663981308e-03 9.093203675001859318e-03
9.112167265266179692e-03 9.077382273972034454e-03
9.189530345611273549e-03 9.130445681512356151e-03
9.146859962493180882e-03 9.089353028684854507e-03
9.161564451642335155e-03 9.070063661783932946e-03
9.070663014426827431e-03 9.049837011843919754e-03
9.102503838948904774e-03 9.056902490556240082e-03
9.082041983492671750e-03 9.140498470515012741e-03
9.130230103619397380e-03 9.038638137280941703e-03
9.064393234439194202e-03 9.108549170196055672e-03
9.093741793185472835e-03 9.125162940472364079e-03
9.132612193934620121e-03 9.040939621627330780e-03
9.101492073386906884e-03 9.059659857302903435e-03
9.070944273844361305e-03 9.133451804518698952e-03
9.083597245626151909e-03 9.101336263120174755e-03
9.101247787475586284e-03 9.027486760169267307e-03
9.088853001594543110e-03 9.155287034809589039e-03
9.142996277660131454e-03 9.079376142472029079e-03
9.107675822451710007e-03 9.052722807973622929e-03
9.081571665592490933e-03 9.031224623322486530e-03
9.084271546453238227e-03 9.013190306723118175e-03
9.061853284947574139e-03 9.066987968981265328e-03
9.086434450000523827e-03 9.039406664669513702e-03
9.174287831410766342e-03 9.022652544081211437e-03
9.130581538192928184e-03 9.052253607660532692e-03
9.069225238636135361e-03 9.049291629344225277e-03
9.073356632143259048e-03 9.035012219101190567e-03
9.062680439092219223e-03 9.052632283419370998e-03
9.071748331189155232e-03 9.121705405414104115e-03
9.069117368198931217e-03 9.077175706624984047e-03
9.046377870254218925e-03 9.048582706600426934e-03
9.045032109133899559e-03 9.001843351870774529e-03
9.108284651301801899e-03 9.179705381393432270e-03
9.137030201964079987e-03 9.233892336487770428e-03
9.129106579348445633e-03 9.015975147485732685e-03
9.048684034496545792e-03 9.044957254081964840e-03
9.035502420738339077e-03 9.053489379584788582e-03
9.032842353917658329e-03 9.016507025808095238e-03
9.030145988799632290e-03 8.954667299985886314e-03
9.031373192556202412e-03 9.030741173774003983e-03
9.038164699450134537e-03 9.055656380951404572e-03
9.019072260707616459e-03 9.031936246901749871e-03
9.074713592417538513e-03 8.979974035173653862e-03
9.072626987472177246e-03 9.227357059717177651e-03
9.062961931340396751e-03 8.955107629299163471e-03
9.036920522339642395e-03 9.061505645513534199e-03
9.036977193318307400e-03 8.975786902010441520e-03
9.028968773782253612e-03 8.970681298524140618e-03
9.014384844340384353e-03 8.958408050239086498e-03
9.004437760449946621e-03 8.979726582765579224e-03
9.022227791137992642e-03 8.992060553282499313e-03
9.002832183614372513e-03 8.930922951549291611e-03
8.991632144898176193e-03 8.990564104169606469e-03
9.234849479980766773e-03 9.176305960863828659e-03
9.069194318726658821e-03 8.999680727720260273e-03
8.987405220977962017e-03 8.973449282348156669e-03
9.058684809133410454e-03 8.967681135982275703e-03
9.053462068550288677e-03 8.986742701381444931e-03
9.033996891230345466e-03 8.961987309157848011e-03
9.001578809693456043e-03 8.974526915699243892e-03
8.993748039938510158e-03 8.998113963752985694e-03
9.030273975804447781e-03 9.149836469441651951e-03
9.060594090260564587e-03 8.968946989625692368e-03
8.994215261191129338e-03 8.957067318260670402e-03
8.971816767007112850e-03 8.955456595867872932e-03
8.994916127994656910e-03 8.926247898489236138e-03
9.018406318500638702e-03 8.932961989194155086e-03
9.000871190801262509e-03 9.013995528221130371e-03
8.976839738897979606e-03 8.941601216793059609e-03
9.059245442040264260e-03 9.113064873963594784e-03
8.994160383008421161e-03 8.938791416585444710e-03
8.983806287869811752e-03 8.943091705441474568e-03
8.950766944326459668e-03 8.898415416479111412e-03
8.962853485718369831e-03 9.008144121617078434e-03
9.023605287075043072e-03 8.969879709184169769e-03
9.029225027188659408e-03 8.959155716001986763e-03
8.983700932003558376e-03 8.935217373073100697e-03
8.988922438584267746e-03 9.065700042992830970e-03
8.976337243802845131e-03 8.947869297116994858e-03
8.982534729875623833e-03 9.001615364104509701e-03
8.995556738227605820e-03 9.044731594622134815e-03
9.074834291823208332e-03 9.032876510173083046e-03
8.985040150582790722e-03 8.929939661175011895e-03
8.968389686197042118e-03 8.904659096151590694e-03
8.957482851110398422e-03 8.928975462913513531e-03
8.993621589615941395e-03 8.961918670684099544e-03
8.973032631911338070e-03 8.957282360643147728e-03
8.976831007748842586e-03 9.039566293358803142e-03
8.960071275942027916e-03 9.129789285361766468e-03
9.015639917925000538e-03 8.987640962004661560e-03
8.972821594215928814e-03 8.957717753946780465e-03
8.951531234197318207e-03 8.923283871263265263e-03
8.951280685141681931e-03 8.964502718299627304e-03
9.036281215958296559e-03 9.171086084097623131e-03
8.971873321570456028e-03 8.905779477208853115e-03
8.953010058030485760e-03 8.947173785418271325e-03
8.967467234469950199e-03 8.956869505345821728e-03
8.979019941762089729e-03 8.959027007222175598e-03
8.996963477693497788e-03 8.974474016577005039e-03
9.017750574275850556e-03 9.227405954152344963e-03
9.042300120927392743e-03 8.981392625719309200e-03
8.973627444356679569e-03 8.918856829404830586e-03
8.967962348833680153e-03 8.969843760132789959e-03
8.968010894022881985e-03 8.946711383759974739e-03
8.971401397138834347e-03 8.952120784670114517e-03
8.933945046737789414e-03 8.890109788626431725e-03
8.907688013277948597e-03 8.927664533257485130e-03
8.907830715179443706e-03 8.906149119138718345e-03
8.915022923611104141e-03 8.946703281253576279e-03
8.911804435774684299e-03 8.896315470337867737e-03
8.920363639481366028e-03 8.863529004156590202e-03
8.945593750104308475e-03 8.890307787805796363e-03
8.902984089218080044e-03 8.882837370038032532e-03
8.939984440803527138e-03 8.911583852022886970e-03
8.925699768587947239e-03 8.905196655541658055e-03
8.923421707004308354e-03 8.951301872730254433e-03
8.940191660076379082e-03 8.881951402872800133e-03
8.928661374375224460e-03 9.003743808716536262e-03
8.944436069577932011e-03 8.861049264669417641e-03
8.923342335037887096e-03 8.927618525922298778e-03
8.921281457878649582e-03 8.872717525810003628e-03
8.968993416056036602e-03 9.011216741055250862e-03
9.089063829742371689e-03 8.874098211526871074e-03
8.931190823204815388e-03 8.882858883589505802e-03
8.904522773809731354e-03 8.879521396011114120e-03
8.908940432593225739e-03 8.867459837347269058e-03
8.888149540871382107e-03 8.887729421257973411e-03
8.892631321214140155e-03 8.859671279788016926e-03
8.876403421163558613e-03 8.876567054539919593e-03
8.935692068189383247e-03 8.932640310376882553e-03
8.894569939002394676e-03 8.865890558809041977e-03
8.896419266238807938e-03 8.866520784795283577e-03
8.889797539450228908e-03 8.892968017607926628e-03
8.934065769426523945e-03 8.865726646035909653e-03
8.934551686979829571e-03 8.931579720228909752e-03
8.889128570444881916e-03 8.832003083080052983e-03
8.877215045504271290e-03 8.931373991072178581e-03
8.890479244291782726e-03 8.905702922493218682e-03
8.905476843938230774e-03 8.859521895647048256e-03
8.886407595127820969e-03 8.851791452616452477e-03
8.899492013733833681e-03 8.960962761193513870e-03
8.965615392662584435e-03 9.093468170613050114e-03
8.987026615068316113e-03 8.905879873782395623e-03
8.876072987914086082e-03 8.839754760265350689e-03
8.856831467710435390e-03 8.856655657291412007e-03
8.856284106150269855e-03 8.865156956017018058e-03
8.863158244639634392e-03 9.114999603480101326e-03
8.924197428859770645e-03 8.851466141641140331e-03
8.873039111495017311e-03 8.841942436993122448e-03
8.912388607859611858e-03 9.014486521482466957e-03
8.936827979050576340e-03 8.897057827562093388e-03
8.859728416427969239e-03 8.835755754262208939e-03
8.886541333049535404e-03 8.866516407579183578e-03
8.883487666025757790e-03 8.877530042082071998e-03
8.853120473213493477e-03 8.829553425312042930e-03
8.857080503366887916e-03 8.844088483601807854e-03
8.851635153405368328e-03 8.848831802606583335e-03
8.857504825573413870e-03 8.847537543624639164e-03
8.877061307430267334e-03 8.841550722718239524e-03
8.862044615671037934e-03 8.892580587416886589e-03
8.815439534373581409e-03 8.834878262132406929e-03
8.942794008180498383e-03 9.036816284060477864e-03
8.910622587427497257e-03 8.886750787496566772e-03
8.817583671770989895e-03 8.788584033027291298e-03
8.818474947474896908e-03 8.866718970239162445e-03
8.828723826445639480e-03 8.768581598997116783e-03
8.837251202203333031e-03 8.875674847513437965e-03
8.840789040550588868e-03 8.889024704694747578e-03
8.885773201473056576e-03 8.863467629998922695e-03
8.847838453948497078e-03 8.792423550039530147e-03
8.803660562261939743e-03 8.844495005905627510e-03
8.830755739472806801e-03 8.856343477964401592e-03
8.839707286097110012e-03 8.801036234945058129e-03
8.829807362053543676e-03 8.843749109655619361e-03
8.831563289277255535e-03 8.899579849094152104e-03
8.886258583515882492e-03 8.812588453292847374e-03
8.846454834565520980e-03 8.802356012165547111e-03
8.869521063752472054e-03 8.773991279304027904e-03
8.843541843816637993e-03 8.819865621626376759e-03
8.817902696318925121e-03 8.839503861963748932e-03
8.852802775800227772e-03 8.837741985917090676e-03
8.826185343787073742e-03 8.846264332532882690e-03
8.831018512137234905e-03 8.798819873481989254e-03
8.820230723358690739e-03 8.831180725246667515e-03
8.836132520809770324e-03 8.822392858564852974e-03
8.812738792039453636e-03 8.804046455770731319e-03
8.833979349583387028e-03 8.827150799334049225e-03
8.798255631700158813e-03 8.751364704221487739e-03
8.788422471843660225e-03 8.784764818847179760e-03
8.798582339659332882e-03 8.781074732542037270e-03
8.813478820957242749e-03 8.780290931463241230e-03
8.805710100568830620e-03 8.844938036054373134e-03
8.809351944364607334e-03 8.854069467633961937e-03
8.804210484959185470e-03 8.815856184810400009e-03
8.812230126932264068e-03 8.771082479506730686e-03
8.821592875756322991e-03 8.741573290899395596e-03
8.815782284364104618e-03 8.818536065518856049e-03
9.038939583115279328e-03 8.860558085143566825e-03
8.804013417102397182e-03 8.774151001125574459e-03
8.770287362858652722e-03 8.829273283481597900e-03
8.796164719387888214e-03 8.727407641708850514e-03
8.786822808906436313e-03 8.787669055163861015e-03
8.785617630928754460e-03 8.791429176926612160e-03
8.783620852045714161e-03 8.766123140230775573e-03
8.790255337953568199e-03 8.825829066336155632e-03
8.845027489587663910e-03 8.776070876047014843e-03
8.792028576135636070e-03 8.767480123788118015e-03
8.777779433876276363e-03 8.776103891432286003e-03
8.792887232266366829e-03 8.830542955547571876e-03
8.793569472618400357e-03 8.772216737270355225e-03
8.829576917923987259e-03 9.053725283592939377e-03
8.822136744856833718e-03 8.742504939436911843e-03
8.790096524171531547e-03 8.755469834432006229e-03
8.780160476453602661e-03 8.747530868276953697e-03
8.817785931751132705e-03 8.756258338689804771e-03
8.835999667644501079e-03 8.796574175357818257e-03
8.793456782586871884e-03 8.741298504173756340e-03
8.743827277794481018e-03 8.712033880874514927e-03
8.741888951044529329e-03 8.715952886268496860e-03
8.764865202829241406e-03 8.709441358223556778e-03
8.754398557357490063e-03 8.726916881278157581e-03
8.766597765497863987e-03 8.728311164304614067e-03
8.729401929304003022e-03 8.698861487209797252e-03
8.753651753067970276e-03 8.736491389572619698e-03
8.763605332933365605e-03 8.779296930879355171e-03
8.785928227007388722e-03 8.803036250174044869e-03
8.807963493745773684e-03 8.817772567272185585e-03
8.734518568962812771e-03 8.724991744384170272e-03
8.744786097668110630e-03 8.707699738442898144e-03
8.734642737545072685e-03 8.733592275530100563e-03
8.739749551750719547e-03 8.725228020921349525e-03
8.743163011968136528e-03 8.792953938245773662e-03
8.755297667812555681e-03 8.784841094166041114e-03
8.762354310601950386e-03 8.781047258526086113e-03
8.755275816656648419e-03 8.704153681173920284e-03
8.730304590426386097e-03 8.678466593846679428e-03
8.738808578345923922e-03 8.699271501973271717e-03
8.762330457102507353e-03 8.780670491978526462e-03
8.800815069116651665e-03 8.757209405303001404e-03
8.765836828388273716e-03 8.731991611421107899e-03
8.735136897303163311e-03 8.700858801603317261e-03
8.741028036456554434e-03 8.743498753756285408e-03
8.771370525937526724e-03 8.780829142779111862e-03
8.774124667979776859e-03 8.779102144762873997e-03
8.791493019089102745e-03 8.744048327207565655e-03
8.739740285091102817e-03 8.780830912292003979e-03
8.722832589410246112e-03 8.668901864439249039e-03
8.718538424000143658e-03 8.696736255660652420e-03
8.753193845041095517e-03 8.733071619644761086e-03
8.709532930515706886e-03 8.662760397419333805e-03
8.717449987307191242e-03 8.694460149854421616e-03
8.775634341873228550e-03 8.687394019216299751e-03
8.695631776936352600e-03 8.656170358881354679e-03
8.740334981121122490e-03 8.703056117519735943e-03
8.729295176453887722e-03 8.741013985127211311e-03
8.703789813444018711e-03 8.795015048235654831e-03
8.746153209358453751e-03 8.746868465095758438e-03
8.720462070778011929e-03 8.657196955755352280e-03
8.709610137157142856e-03 8.665223000571131359e-03
8.696292573586106994e-03 8.712124684825539936e-03
8.705813193228096464e-03 8.693359233438969005e-03
8.761410508304834713e-03 8.689139364287256848e-03
8.722724812105297348e-03 8.646094286814332702e-03
8.717399952001870372e-03 8.745286148041486740e-03
8.796945330686867237e-03 8.663725992664694092e-03
8.679696032777428974e-03 8.659080555662512085e-03
8.665234921500087131e-03 8.653939561918377529e-03
8.686941629275680282e-03 8.668329194188117634e-03
8.693871321156620979e-03 8.672432322055102089e-03
8.670670364517718207e-03 8.772213943302631378e-03
8.743768348358571876e-03 8.720569126307965019e-03
8.700005896389483712e-03 8.654106967151164662e-03
8.675612788647413948e-03 8.717967895790934563e-03
8.704359806142748096e-03 8.661841973662376404e-03
8.695712126791477897e-03 8.688840037211775086e-03
8.699967968277632843e-03 8.703189995139836918e-03
8.703544735908508301e-03 8.663324173539876938e-03
8.663092507049441338e-03 8.657298935577272675e-03
8.660280134063214758e-03 8.625474106520415046e-03
8.667369966860859892e-03 8.639787090942263603e-03
8.663573488593100808e-03 8.661021292209625938e-03
8.661843545269221067e-03 8.655329747125507095e-03
8.677125093527138233e-03 8.610147191211581577e-03
8.669349888805299997e-03 8.674581628292798649e-03
8.666656713467090975e-03 8.617907809093595245e-03
8.649339084513485432e-03 8.652142761275172927e-03
8.673737570643425682e-03 8.622097223997116436e-03
8.704675093758851637e-03 8.643054822459816239e-03
8.677256805822253921e-03 8.709244057536124836e-03
8.811015123501419327e-03 8.779959287494421005e-03
8.684737142175436020e-03 8.590351836755872467e-03
8.663607621565460812e-03 8.631338085979222557e-03
8.672889147419482470e-03 8.658612659201026657e-03
8.660076744854449879e-03 8.636339288204907677e-03
8.661008835770190456e-03 8.701977226883173336e-03
8.688481617718934666e-03 8.763549383729696274e-03
8.682808256708085537e-03 8.610534481704235077e-03
8.666480262763797543e-03 8.608111646026372910e-03
8.650735882110894420e-03 8.628436597064137459e-03
8.696836093440652241e-03 8.694663038477301251e-03
8.675949275493621479e-03 8.786148298531771053e-03
8.733978518284857620e-03 8.695257455110549580e-03
8.679882413707673897e-03 8.712766738608480194e-03
8.690324798226355812e-03 8.694822760298847805e-03
8.674402104225010027e-03 8.664777735248208046e-03
8.657876588404177925e-03 8.628131356090307236e-03
8.630489767529069683e-03 8.599466923624277809e-03
8.637195313349365841e-03 8.596236165612936714e-03
8.636953448876738895e-03 8.593421755358576428e-03
8.667582599446176789e-03 8.602811861783266414e-03
8.657111064530908714e-03 8.664829609915613434e-03
8.686276129446923386e-03 8.626975119113922119e-03
8.636695495806635120e-03 8.656139345839619290e-03
8.628625306300818920e-03 8.578059542924166420e-03
8.645900036208331238e-03 8.593279263004660259e-03
8.641661633737385620e-03 8.589410921558737755e-03
8.627244504168629646e-03 8.653205214068293225e-03
8.617687737569212914e-03 8.618432283401488564e-03
8.649878983851522554e-03 8.605153812095523574e-03
8.692070608958601952e-03 8.630053699016570698e-03
8.618235937319695950e-03 8.586253877729177822e-03
8.622746635228394768e-03 8.566691214218736042e-03
8.628932014107703469e-03 8.578572748228907238e-03
8.636842621490359653e-03 8.635791344568133007e-03
8.648853923659771681e-03 8.592254668474196694e-03
8.617502660490572799e-03 8.640169817954301140e-03
8.650881680659949433e-03 8.623892813920975078e-03
8.636375144124030373e-03 8.657652325928211559e-03
8.615104877389968135e-03 8.566476311534643520e-03
8.614256279543042183e-03 8.575306693091987870e-03
8.610376180149615158e-03 8.595124958083033909e-03
8.635395066812634121e-03 8.681243471801280281e-03
8.845052914693951607e-03 8.775715529918671348e-03
8.656022860668599953e-03 8.652727585285902023e-03
8.615630154963582754e-03 8.576058875769376408e-03
8.619320974685252407e-03 8.581846952438354492e-03
8.628447912633419384e-03 8.636417565867304802e-03
8.615235309116541992e-03 8.586817281320690762e-03
8.608494291547686555e-03 8.553393324837088932e-03
8.628972084261476647e-03 8.625507587566971779e-03
8.638320746831596245e-03 8.655866561457514069e-03
8.607286354526877056e-03 8.570863120257853768e-03
8.587556891143321991e-03 8.621637150645256389e-03
8.619159704539924166e-03 8.577399235218764045e-03
8.735414245165884495e-03 8.588475687429309585e-03
8.601478580385447242e-03 8.569858595728873860e-03
8.612269524019212225e-03 8.618450025096535683e-03
8.582336432300507328e-03 8.535258937627077103e-03
8.622345025651156555e-03 8.620952954515814781e-03
8.597496408037840973e-03 8.613089751452206871e-03
8.599122660234570850e-03 8.585454290732741009e-03
8.616414340212940476e-03 8.548432728275656700e-03
8.583881205413489840e-03 8.590635657310486534e-03
8.590711606666445385e-03 8.536546071991325119e-03
8.658987469971179962e-03 8.613429358229040753e-03
8.618579921312629830e-03 8.555282279849052776e-03
8.595295273698866714e-03 8.572879061102867820e-03
8.610295073594897985e-03 8.546598860993981708e-03
8.591983490623534073e-03 8.663633931428193699e-03
8.638676302507520416e-03 8.644870063290000656e-03
8.601219067350030292e-03 8.579945238307119110e-03
8.613608172163366924e-03 8.554699877277017334e-03
8.587644714862108924e-03 8.555504446849226258e-03
8.583564998116344907e-03 8.549261651933193901e-03
8.576957229524850151e-03 8.541581733152271011e-03
8.590638800524175861e-03 8.559287013486027024e-03
8.606138301547616026e-03 8.600493147969245217e-03
8.590079913847147725e-03 8.687431970611215332e-03
8.597442391328513275e-03 8.535825181752443314e-03
8.557756594382227161e-03 8.507237164303660046e-03
8.581673400476575245e-03 8.603839436545968056e-03
8.601658255793153893e-03 8.573499042540788651e-03
8.652432356029748917e-03 8.516085753217338822e-03
8.593753213062882423e-03 8.623911254107951424e-03
8.605186035856604923e-03 8.605668880045413624e-03
8.601361280307173382e-03 8.585651079192757953e-03
8.589440444484352372e-03 8.526255190372467735e-03
8.594825770705938686e-03 8.540751691907644966e-03
8.579863351769745350e-03 8.516269316896796920e-03
8.568521169945598343e-03 8.547321800142526974e-03
8.598556672222913005e-03 8.592735882848501552e-03
8.609546558000146996e-03 8.612210722640156399e-03
8.615343493875115416e-03 8.604806335642933152e-03
8.605560066644101641e-03 8.555144770070910454e-03
8.608724363148212780e-03 8.667824324220418930e-03
8.585114288143813957e-03 8.551327744498848915e-03
8.570668799802661636e-03 8.552938234061002731e-03
8.599090506322681904e-03 8.671440510079264294e-03
8.572297228965908289e-03 8.526356192305684090e-03
8.588684501592069170e-03 8.566272445023059845e-03
8.612056262791156769e-03 8.622416714206337235e-03
8.617514511570334435e-03 8.547187037765979073e-03
8.582748519256711700e-03 8.523054048418998371e-03
8.566918014548719623e-03 8.554159943014384010e-03
8.565644430927932956e-03 8.569936547428370216e-03
8.589158288668841817e-03 8.588750194758177497e-03
8.556258026510476719e-03 8.511339034885167382e-03
8.550108852796256195e-03 8.525837678462266922e-03
8.576187049038707863e-03 8.579536760225891373e-03
8.594061830081045628e-03 8.562808157876133919e-03
8.615760877728462913e-03 8.600955922156571995e-03
8.586539071984589100e-03 8.522174414247274052e-03
8.561631629709154714e-03 8.543008705601096153e-03
8.561061741784215667e-03 8.548255683854222645e-03
8.561707497574389675e-03 8.526892494410276066e-03
8.581016270909458399e-03 8.644959935918451049e-03
8.615027752239257791e-03 8.574607735499738953e-03
8.576437365263700485e-03 8.570694923400878559e-03
8.546194958034903158e-03 8.524622209370136608e-03
8.562411856837570320e-03 8.590694470331072113e-03
8.562540193088353027e-03 8.525366149842738411e-03
8.563449583016335617e-03 8.502803789451719024e-03
8.567782002501189709e-03 8.599193021655082009e-03
8.636260055936872959e-03 8.723574038594961860e-03
8.596831781323999513e-03 8.570666750892996441e-03
8.562840719241649259e-03 8.530952548608184555e-03
8.555525692645459673e-03 8.537446474656462322e-03
8.540310035459696553e-03 8.515026047825812947e-03
8.640759321860969761e-03 8.730206452310085991e-03
8.621894544921815742e-03 8.547659916803240082e-03
8.580478059593587767e-03 8.540362957865000118e-03
8.572772261686623096e-03 8.540096506476402977e-03
8.548063714988530029e-03 8.511690562590957035e-03
8.565260749310254357e-03 8.498876029625535358e-03
8.649614895693958153e-03 8.763959817588328621e-03
8.585771662183105946e-03 8.522825688123703350e-03
8.552255295217036507e-03 8.485263353213668217e-03
8.533471100963651440e-03 8.535963110625743519e-03
8.557631587609648011e-03 8.524880465120076439e-03
8.543462806846946825e-03 8.574713114649057041e-03
8.550695399753749718e-03 8.523364504799246094e-03
8.540438651107252338e-03 8.537630084902048111e-03
8.565735304728150368e-03 8.640330098569393852e-03
8.542858925648034313e-03 8.531893603503704071e-03
8.537944476120173237e-03 8.572071744129061005e-03
8.531982684507966389e-03 8.498778613284230926e-03
8.547924272716046074e-03 8.532970631495117447e-03
8.616300416179001331e-03 8.584014326333998940e-03
8.594214799813926220e-03 8.623610436916350624e-03
8.561815798748284925e-03 8.537412155419588089e-03
8.559322985820471547e-03 8.518134336918592106e-03
8.531805314123629830e-03 8.510686689987778664e-03
8.540394739247858871e-03 8.537247637286781918e-03
8.535450208000838757e-03 8.468497125431895950e-03
8.561076177284122207e-03 8.508373983204364777e-03
8.569932612590491078e-03 8.557212911546230663e-03
8.541437645908445467e-03 8.524228399619460800e-03
8.537357812747359623e-03 8.481797017157077095e-03
8.533397864084690809e-03 8.539709821343421589e-03
8.554086729418486357e-03 8.530703792348503373e-03
8.568721718620508215e-03 8.482020720839500774e-03
8.527519833296536705e-03 8.522069873288273464e-03
8.558844623621553183e-03 8.507303474470973709e-03
8.570425503421574831e-03 8.530565025284885666e-03
8.559285383671521447e-03 8.574460959061979901e-03
8.562390052247792482e-03 8.509200857952236782e-03
