1.996197700500488281e-01
1.996141970157623291e-01
1.996019631624221802e-01
1.995793133974075317e-01
1.995443701744079590e-01
1.995025873184204102e-01
1.994633078575134277e-01
1.994330286979675293e-01
1.994143128395080566e-01
1.994072645902633667e-01
1.994107812643051147e-01
1.994237452745437622e-01
1.994461715221405029e-01
1.994777619838714600e-01
1.995148658752441406e-01
1.995517462491989136e-01
1.995836645364761353e-01
1.996073871850967407e-01
1.996210366487503052e-01
1.996244490146636963e-01
1.996191143989562988e-01
1.996071636676788330e-01
1.995906382799148560e-01
1.995712816715240479e-01
1.995504796504974365e-01
1.995293647050857544e-01
1.995090246200561523e-01
1.994904577732086182e-01
1.994745284318923950e-01
1.994617283344268799e-01
1.994521617889404297e-01
1.994454115629196167e-01
1.994407176971435547e-01
1.994372606277465820e-01
1.994346380233764648e-01
1.994337588548660278e-01
1.994372755289077759e-01
1.994490027427673340e-01
1.994713991880416870e-01
1.995027512311935425e-01
1.995372325181961060e-01
1.995681971311569214e-01
1.995908021926879883e-01
1.996029764413833618e-01
1.996049582958221436e-01
1.995982974767684937e-01
1.995851397514343262e-01
1.995675414800643921e-01
1.995473057031631470e-01
1.995259374380111694e-01
1.995046436786651611e-01
1.994844079017639160e-01
1.994660347700119019e-01
1.994501203298568726e-01
1.994370669126510620e-01
1.994269490242004395e-01
1.994194835424423218e-01
1.994140595197677612e-01
1.994099020957946777e-01
1.994066238403320312e-01
1.994050443172454834e-01
1.994076520204544067e-01
1.994185894727706909e-01
1.994409263134002686e-01
1.994730085134506226e-01
1.995088756084442139e-01
1.995415985584259033e-01
1.995654851198196411e-01
1.995780169963836670e-01
1.995801627635955811e-01
1.995742022991180420e-01
1.995620727539062500e-01
1.995455175638198853e-01
1.995263397693634033e-01
1.995061039924621582e-01
1.994859427213668823e-01
1.994667202234268188e-01
1.994490623474121094e-01
1.994335502386093140e-01
1.994207352399826050e-01
1.994111090898513794e-01
1.994046866893768311e-01
1.994009017944335938e-01
1.993990093469619751e-01
1.993988305330276489e-01
1.994011998176574707e-01
1.994086652994155884e-01
1.994253098964691162e-01
1.994527429342269897e-01
1.994869709014892578e-01
1.995217353105545044e-01
1.995517313480377197e-01
1.995727717876434326e-01
1.995828151702880859e-01
1.995827555656433105e-01
1.995752006769180298e-01
1.995625644922256470e-01
1.995465606451034546e-01
1.995285302400588989e-01
1.995098739862442017e-01
1.994923204183578491e-01
1.994799673557281494e-01
1.994716525077819824e-01
1.994676887989044189e-01
1.994674205780029297e-01
1.994696259498596191e-01
1.994729638099670410e-01
1.994761824607849121e-01
1.994785815477371216e-01
1.994800865650177002e-01
1.994809210300445557e-01
1.994815617799758911e-01
1.994830965995788574e-01
1.994877457618713379e-01
1.994981169700622559e-01
1.995155811309814453e-01
1.995388865470886230e-01
1.995642632246017456e-01
1.995868682861328125e-01
1.996033638715744019e-01
1.996131688356399536e-01
1.996172219514846802e-01
1.996163129806518555e-01
1.996107101440429688e-01
1.996005624532699585e-01
1.995861977338790894e-01
1.995683163404464722e-01
1.995481699705123901e-01
1.995279639959335327e-01
1.995103806257247925e-01
1.994973570108413696e-01
1.994892656803131104e-01
1.994855552911758423e-01
1.994853019714355469e-01
1.994874626398086548e-01
1.994907557964324951e-01
1.994941681623458862e-01
1.994978189468383789e-01
1.995033174753189087e-01
1.995133310556411743e-01
1.995297223329544067e-01
1.995511800050735474e-01
1.995734721422195435e-01
1.995927840471267700e-01
1.996071934700012207e-01
1.996161639690399170e-01
1.996198743581771851e-01
1.996187269687652588e-01
1.996131837368011475e-01
1.996036022901535034e-01
1.995903104543685913e-01
1.995737105607986450e-01
1.995545029640197754e-01
1.995341330766677856e-01
1.995150297880172729e-01
1.994999647140502930e-01
1.994906514883041382e-01
1.994868069887161255e-01
1.994867920875549316e-01
1.994889676570892334e-01
1.994922757148742676e-01
1.994963288307189941e-01
1.995014548301696777e-01
1.995090246200561523e-01
1.995210349559783936e-01
1.995386779308319092e-01
1.995606571435928345e-01
1.995838135480880737e-01
1.996046155691146851e-01
1.996200382709503174e-01
1.996283680200576782e-01
1.996296346187591553e-01
1.996248513460159302e-01
1.996152400970458984e-01
1.996019035577774048e-01
1.995859742164611816e-01
1.995685845613479614e-01
1.995508819818496704e-01
1.995339393615722656e-01
1.995187401771545410e-01
1.995060443878173828e-01
1.994964480400085449e-01
1.994903236627578735e-01
1.994878947734832764e-01
1.994891315698623657e-01
1.994938701391220093e-01
1.995017975568771362e-01
1.995124816894531250e-01
1.995253562927246094e-01
1.995397657155990601e-01
1.995549649000167847e-01
1.995701491832733154e-01
1.995844393968582153e-01
1.995969116687774658e-01
1.996066421270370483e-01
1.996127367019653320e-01
1.996143907308578491e-01
1.996110528707504272e-01
1.996025592088699341e-01
1.995893269777297974e-01
1.995731145143508911e-01
1.995553672313690186e-01
1.995376348495483398e-01
1.995230168104171753e-01
1.995138376951217651e-01
1.995101124048233032e-01
1.995098590850830078e-01
1.995111554861068726e-01
1.995129436254501343e-01
1.995148658752441406e-01
1.995168030261993408e-01
1.995186954736709595e-01
1.995206624269485474e-01
1.995228976011276245e-01
1.995257586240768433e-01
1.995296627283096313e-01
1.995351314544677734e-01
1.995425820350646973e-01
1.995522528886795044e-01
1.995637118816375732e-01
1.995753794908523560e-01
1.995847821235656738e-01
1.995905190706253052e-01
1.995934993028640747e-01
1.995950490236282349e-01
1.995952278375625610e-01
1.995935142040252686e-01
1.995896995067596436e-01
1.995840221643447876e-01
1.995768547058105469e-01
1.995687037706375122e-01
1.995602399110794067e-01
1.995522677898406982e-01
1.995456814765930176e-01
1.995412111282348633e-01
1.995390504598617554e-01
1.995386034250259399e-01
1.995387077331542969e-01
1.995385289192199707e-01
1.995384693145751953e-01
1.995394378900527954e-01
1.995412707328796387e-01
1.995430290699005127e-01
1.995444595813751221e-01
1.995460689067840576e-01
1.995482444763183594e-01
1.995505243539810181e-01
1.995519399642944336e-01
1.995520442724227905e-01
1.995510607957839966e-01
1.995494067668914795e-01
1.995470672845840454e-01
1.995436400175094604e-01
1.995390653610229492e-01
1.995338350534439087e-01
1.995283663272857666e-01
1.995230615139007568e-01
1.995186954736709595e-01
1.995149999856948853e-01
1.995131373405456543e-01
1.995138674974441528e-01
1.995152235031127930e-01
1.995177268981933594e-01
1.995213925838470459e-01
1.995247751474380493e-01
1.995286941528320312e-01
1.995341628789901733e-01
1.995408385992050171e-01
1.995482444763183594e-01
1.995557397603988647e-01
1.995625495910644531e-01
1.995680630207061768e-01
1.995721310377120972e-01
1.995743513107299805e-01
1.995740830898284912e-01
1.995709985494613647e-01
1.995647549629211426e-01
1.995549499988555908e-01
1.995420455932617188e-01
1.995275914669036865e-01
1.995134651660919189e-01
1.995013505220413208e-01
1.994924694299697876e-01
1.994872689247131348e-01
1.994853466749191284e-01
1.994856297969818115e-01
1.994869858026504517e-01
1.994887143373489380e-01
1.994908303022384644e-01
1.994940191507339478e-01
1.994993388652801514e-01
1.995075941085815430e-01
1.995189487934112549e-01
1.995325833559036255e-01
1.995467394590377808e-01
1.995592862367630005e-01
1.995684653520584106e-01
1.995735615491867065e-01
1.995746046304702759e-01
1.995718777179718018e-01
1.995667070150375366e-01
1.995602101087570190e-01
1.995527893304824829e-01
1.995449811220169067e-01
1.995371431112289429e-01
1.995295584201812744e-01
1.995224505662918091e-01
1.995161920785903931e-01
1.995111554861068726e-01
1.995076239109039307e-01
1.995057761669158936e-01
1.995055526494979858e-01
1.995066404342651367e-01
1.995085924863815308e-01
1.995108872652053833e-01
1.995133757591247559e-01
1.995162814855575562e-01
1.995201259851455688e-01
1.995252221822738647e-01
1.995313018560409546e-01
1.995376646518707275e-01
1.995434165000915527e-01
1.995479464530944824e-01
1.995509117841720581e-01
1.995522379875183105e-01
1.995520591735839844e-01
1.995506733655929565e-01
1.995484381914138794e-01
1.995457410812377930e-01
1.995429694652557373e-01
1.995405256748199463e-01
1.995386779308319092e-01
1.995376199483871460e-01
1.995374560356140137e-01
1.995382457971572876e-01
1.995399445295333862e-01
1.995423287153244019e-01
1.995448321104049683e-01
1.995467096567153931e-01
1.995474994182586670e-01
1.995472609996795654e-01
1.995463818311691284e-01
1.995453387498855591e-01
1.995445191860198975e-01
1.995442211627960205e-01
1.995444893836975098e-01
1.995451897382736206e-01
1.995459049940109253e-01
1.995461285114288330e-01
1.995452344417572021e-01
1.995424777269363403e-01
1.995370984077453613e-01
1.995282620191574097e-01
1.995155960321426392e-01
1.994999945163726807e-01
1.994838118553161621e-01
1.994697004556655884e-01
1.994592547416687012e-01
1.994526684284210205e-01
1.994494944810867310e-01
1.994493901729583740e-01
1.994524300098419189e-01
1.994590908288955688e-01
1.994699388742446899e-01
1.994851082563400269e-01
1.995038986206054688e-01
1.995245963335037231e-01
1.995448023080825806e-01
1.995619237422943115e-01
1.995740383863449097e-01
1.995803117752075195e-01
1.995809376239776611e-01
1.995765715837478638e-01
1.995677053928375244e-01
1.995547264814376831e-01
1.995381861925125122e-01
1.995190978050231934e-01
1.994989663362503052e-01
1.994795054197311401e-01
1.994625180959701538e-01
1.994496136903762817e-01
1.994416862726211548e-01
1.994383633136749268e-01
1.994381844997406006e-01
1.994395554065704346e-01
1.994415074586868286e-01
1.994440406560897827e-01
1.994483321905136108e-01
1.994567811489105225e-01
1.994717419147491455e-01
1.994931399822235107e-01
1.995179951190948486e-01
1.995421200990676880e-01
1.995619386434555054e-01
1.995750516653060913e-01
1.995808333158493042e-01
1.995803564786911011e-01
1.995753496885299683e-01
1.995672881603240967e-01
1.995567530393600464e-01
1.995432078838348389e-01
1.995267719030380249e-01
1.995088160037994385e-01
1.994912773370742798e-01
1.994763910770416260e-01
1.994658112525939941e-01
1.994599848985671997e-01
1.994582414627075195e-01
1.994593590497970581e-01
1.994619965553283691e-01
1.994650363922119141e-01
1.994678527116775513e-01
1.994705945253372192e-01
1.994747221469879150e-01
1.994825750589370728e-01
1.994957625865936279e-01
1.995134800672531128e-01
1.995329558849334717e-01
1.995510756969451904e-01
1.995654553174972534e-01
1.995747387409210205e-01
1.995786577463150024e-01
1.995778232812881470e-01
1.995730698108673096e-01
1.995650529861450195e-01
1.995540559291839600e-01
1.995401531457901001e-01
1.995238214731216431e-01
1.995062381029129028e-01
1.994891017675399780e-01
1.994740664958953857e-01
1.994624435901641846e-01
1.994550675153732300e-01
1.994519233703613281e-01
1.994519680738449097e-01
1.994534581899642944e-01
1.994547545909881592e-01
1.994556337594985962e-01
1.994578987360000610e-01
1.994645297527313232e-01
1.994771361351013184e-01
1.994944512844085693e-01
1.995134502649307251e-01
1.995309740304946899e-01
1.995450705289840698e-01
1.995549947023391724e-01
1.995606869459152222e-01
1.995621025562286377e-01
1.995592117309570312e-01
1.995522528886795044e-01
1.995418071746826172e-01
1.995287090539932251e-01
1.995140165090560913e-01
1.994988918304443359e-01
1.994844526052474976e-01
1.994716376066207886e-01
1.994610428810119629e-01
1.994530111551284790e-01
1.994475424289703369e-01
1.994444876909255981e-01
1.994435340166091919e-01
1.994443535804748535e-01
1.994467377662658691e-01
1.994506269693374634e-01
1.994563788175582886e-01
1.994646936655044556e-01
1.994762271642684937e-01
1.994907557964324951e-01
1.995066255331039429e-01
1.995211243629455566e-01
1.995317786931991577e-01
1.995373815298080444e-01
1.995380371809005737e-01
1.995344310998916626e-01
1.995271146297454834e-01
1.995164453983306885e-01
1.995026767253875732e-01
1.994863748550415039e-01
1.994685232639312744e-01
1.994505524635314941e-01
1.994342654943466187e-01
1.994214951992034912e-01
1.994134932756423950e-01
1.994101703166961670e-01
1.994103193283081055e-01
1.994125396013259888e-01
1.994160264730453491e-01
1.994205713272094727e-01
1.994265317916870117e-01
1.994346678256988525e-01
1.994459927082061768e-01
1.994609683752059937e-01
1.994785815477371216e-01
1.994961053133010864e-01
1.995103061199188232e-01
1.995191425085067749e-01
1.995226889848709106e-01
1.995221972465515137e-01
1.995187699794769287e-01
1.995129883289337158e-01
1.995050013065338135e-01
1.994938850402832031e-01
1.994815170764923096e-01
1.994688808917999268e-01
1.994569301605224609e-01
1.994464695453643799e-01
1.994380503892898560e-01
1.994319260120391846e-01
1.994280070066452026e-01
1.994260102510452271e-01
1.994254142045974731e-01
1.994257569313049316e-01
1.994267106056213379e-01
1.994282752275466919e-01
1.994307488203048706e-01
1.994349211454391479e-01
1.994415670633316040e-01
1.994501501321792603e-01
1.994584947824478149e-01
1.994642019271850586e-01
