1.996197700500488281e-01
1.995734274387359619e-01
1.994957625865936279e-01
1.994204074144363403e-01
1.993713229894638062e-01
1.993444114923477173e-01
1.993360817432403564e-01
1.993463337421417236e-01
1.993700414896011353e-01
1.994007974863052368e-01
1.994325965642929077e-01
1.994570642709732056e-01
1.994724124670028687e-01
1.994881033897399902e-01
1.995130479335784912e-01
1.995447874069213867e-01
1.995736062526702881e-01
1.995972096920013428e-01
1.996233910322189331e-01
1.996522992849349976e-01
1.996711492538452148e-01
1.996705830097198486e-01
1.996545642614364624e-01
1.996322423219680786e-01
1.996069699525833130e-01
1.995792984962463379e-01
1.995546966791152954e-01
1.995407938957214355e-01
1.995376348495483398e-01
1.995407044887542725e-01
1.995434463024139404e-01
1.995384246110916138e-01
1.995254307985305786e-01
1.995126157999038696e-01
1.995052397251129150e-01
1.995000243186950684e-01
1.994948983192443848e-01
1.994983702898025513e-01
1.995202302932739258e-01
1.995556801557540894e-01
1.995903402566909790e-01
1.996184885501861572e-01
1.996407508850097656e-01
1.996524482965469360e-01
1.996501982212066650e-01
1.996373385190963745e-01
1.996197402477264404e-01
1.996020674705505371e-01
1.995856314897537231e-01
1.995700746774673462e-01
1.995582282543182373e-01
1.995510756969451904e-01
1.995416134595870972e-01
1.995267719030380249e-01
1.995087414979934692e-01
1.994910836219787598e-01
1.994794905185699463e-01
1.994780451059341431e-01
1.994846463203430176e-01
1.994911134243011475e-01
1.994924247264862061e-01
1.994955390691757202e-01
1.995067894458770752e-01
1.995224952697753906e-01
1.995379924774169922e-01
1.995577067136764526e-01
1.995839178562164307e-01
1.996087580919265747e-01
1.996232122182846069e-01
1.996278464794158936e-01
1.996285021305084229e-01
1.996232718229293823e-01
1.996064335107803345e-01
1.995820701122283936e-01
1.995600312948226929e-01
1.995423585176467896e-01
1.995217949151992798e-01
1.994955092668533325e-01
1.994689702987670898e-01
1.994505077600479126e-01
1.994437575340270996e-01
1.994471997022628784e-01
1.994516104459762573e-01
1.994501650333404541e-01
1.994465291500091553e-01
1.994489580392837524e-01
1.994581818580627441e-01
1.994677484035491943e-01
1.994789093732833862e-01
1.994999796152114868e-01
1.995327025651931763e-01
1.995667964220046997e-01
1.995948553085327148e-01
1.996210664510726929e-01
1.996457427740097046e-01
1.996604055166244507e-01
1.996572911739349365e-01
1.996397972106933594e-01
1.996175795793533325e-01
1.995956003665924072e-01
1.995732188224792480e-01
1.995525062084197998e-01
1.995377689599990845e-01
1.995315551757812500e-01
1.995333731174468994e-01
1.995402872562408447e-01
1.995475143194198608e-01
1.995500624179840088e-01
1.995487958192825317e-01
1.995488405227661133e-01
1.995521932840347290e-01
1.995572745800018311e-01
1.995641440153121948e-01
1.995750218629837036e-01
1.995905339717864990e-01
1.996082514524459839e-01
1.996263265609741211e-01
1.996441185474395752e-01
1.996610015630722046e-01
1.996749341487884521e-01
1.996835172176361084e-01
1.996881514787673950e-01
1.996900439262390137e-01
1.996856629848480225e-01
1.996716409921646118e-01
1.996502280235290527e-01
1.996262520551681519e-01
1.996029168367385864e-01
1.995819807052612305e-01
1.995633691549301147e-01
1.995473504066467285e-01
1.995366066694259644e-01
1.995328813791275024e-01
1.995354741811752319e-01
1.995399892330169678e-01
1.995426416397094727e-01
1.995422244071960449e-01
1.995418518781661987e-01
1.995457708835601807e-01
1.995557993650436401e-01
1.995743513107299805e-01
1.996023207902908325e-01
1.996325999498367310e-01
1.996537595987319946e-01
1.996614485979080200e-01
1.996581703424453735e-01
1.996493488550186157e-01
1.996388435363769531e-01
1.996283531188964844e-01
1.996198147535324097e-01
1.996122747659683228e-01
1.996006518602371216e-01
1.995821148157119751e-01
1.995594501495361328e-01
1.995387524366378784e-01
1.995238512754440308e-01
1.995157897472381592e-01
1.995137631893157959e-01
1.995157897472381592e-01
1.995208114385604858e-01
1.995289921760559082e-01
1.995402276515960693e-01
1.995508968830108643e-01
1.995586454868316650e-01
1.995670795440673828e-01
1.995807439088821411e-01
1.995982676744461060e-01
1.996156275272369385e-01
1.996317505836486816e-01
1.996466219425201416e-01
1.996562778949737549e-01
1.996556669473648071e-01
1.996455937623977661e-01
1.996319442987442017e-01
1.996176391839981079e-01
1.996034532785415649e-01
1.995896250009536743e-01
1.995758116245269775e-01
1.995595246553421021e-01
1.995396465063095093e-01
1.995212733745574951e-01
1.995096504688262939e-01
1.995068043470382690e-01
1.995119899511337280e-01
1.995220035314559937e-01
1.995353400707244873e-01
1.995471864938735962e-01
1.995522081851959229e-01
1.995532363653182983e-01
1.995587050914764404e-01
1.995701193809509277e-01
1.995835304260253906e-01
1.995982229709625244e-01
1.996134519577026367e-01
1.996258199214935303e-01
1.996332705020904541e-01
1.996362656354904175e-01
1.996380835771560669e-01
1.996409296989440918e-01
1.996427029371261597e-01
1.996401101350784302e-01
1.996288150548934937e-01
1.996088474988937378e-01
1.995861977338790894e-01
1.995684355497360229e-01
1.995597928762435913e-01
1.995610147714614868e-01
1.995719224214553833e-01
1.995908915996551514e-01
1.996096074581146240e-01
1.996194422245025635e-01
1.996183693408966064e-01
1.996098309755325317e-01
1.995987892150878906e-01
1.995874047279357910e-01
1.995773464441299438e-01
1.995714306831359863e-01
1.995707899332046509e-01
1.995728164911270142e-01
1.995764374732971191e-01
1.995838582515716553e-01
1.995984315872192383e-01
1.996194869279861450e-01
1.996413320302963257e-01
1.996585279703140259e-01
1.996686607599258423e-01
1.996719837188720703e-01
1.996697783470153809e-01
1.996631324291229248e-01
1.996526420116424561e-01
1.996408253908157349e-01
1.996306478977203369e-01
1.996231973171234131e-01
1.996168047189712524e-01
1.996093094348907471e-01
1.996008455753326416e-01
1.995941996574401855e-01
1.995917409658432007e-01
1.995923221111297607e-01
1.995936781167984009e-01
1.995971649885177612e-01
1.996050179004669189e-01
1.996145695447921753e-01
1.996216475963592529e-01
1.996261328458786011e-01
1.996284872293472290e-01
1.996286213397979736e-01
1.996282935142517090e-01
1.996279805898666382e-01
1.996264904737472534e-01
1.996231228113174438e-01
1.996159106492996216e-01
1.996057480573654175e-01
1.995953023433685303e-01
1.995845288038253784e-01
1.995753794908523560e-01
1.995704174041748047e-01
1.995706707239151001e-01
1.995745748281478882e-01
1.995795518159866333e-01
1.995860934257507324e-01
1.995946466922760010e-01
1.996032446622848511e-01
1.996120810508728027e-01
1.996219605207443237e-01
1.996319144964218140e-01
1.996400505304336548e-01
1.996455937623977661e-01
1.996501833200454712e-01
1.996548771858215332e-01
1.996599882841110229e-01
1.996668875217437744e-01
1.996759474277496338e-01
1.996822506189346313e-01
1.996804773807525635e-01
1.996685117483139038e-01
1.996496319770812988e-01
1.996283829212188721e-01
1.996083855628967285e-01
1.995913237333297729e-01
1.995781660079956055e-01
1.995692849159240723e-01
1.995646059513092041e-01
1.995633095502853394e-01
1.995639055967330933e-01
1.995649933815002441e-01
1.995665282011032104e-01
1.995714157819747925e-01
1.995805501937866211e-01
1.995911598205566406e-01
1.995986551046371460e-01
1.996012926101684570e-01
1.996034830808639526e-01
1.996088474988937378e-01
1.996160000562667847e-01
1.996241807937622070e-01
1.996344625949859619e-01
1.996451169252395630e-01
1.996530890464782715e-01
1.996573656797409058e-01
1.996570229530334473e-01
1.996494680643081665e-01
1.996378004550933838e-01
1.996265053749084473e-01
1.996156424283981323e-01
1.996019184589385986e-01
1.995866298675537109e-01
1.995743662118911743e-01
1.995669752359390259e-01
1.995640248060226440e-01
1.995650827884674072e-01
1.995711028575897217e-01
1.995834112167358398e-01
1.995983570814132690e-01
1.996092349290847778e-01
1.996137350797653198e-01
1.996125727891921997e-01
1.996064186096191406e-01
1.995981484651565552e-01
1.995927095413208008e-01
1.995920836925506592e-01
1.995939612388610840e-01
1.995958834886550903e-01
1.995981037616729736e-01
1.996017545461654663e-01
1.996053904294967651e-01
1.996074467897415161e-01
1.996102333068847656e-01
1.996156126260757446e-01
1.996196955442428589e-01
1.996189355850219727e-01
1.996138542890548706e-01
1.996067762374877930e-01
1.995993852615356445e-01
1.995952725410461426e-01
1.995982676744461060e-01
1.996088474988937378e-01
1.996232420206069946e-01
1.996356993913650513e-01
1.996446400880813599e-01
1.996509134769439697e-01
1.996533274650573730e-01
1.996516883373260498e-01
1.996480822563171387e-01
1.996431648731231689e-01
1.996355652809143066e-01
1.996255367994308472e-01
1.996165066957473755e-01
1.996120661497116089e-01
1.996116489171981812e-01
1.996138244867324829e-01
1.996189802885055542e-01
1.996239423751831055e-01
1.996218860149383545e-01
1.996094286441802979e-01
1.995898783206939697e-01
1.995697021484375000e-01
1.995539814233779907e-01
1.995452940464019775e-01
1.995452046394348145e-01
1.995515823364257812e-01
1.995588988065719604e-01
1.995640695095062256e-01
1.995698213577270508e-01
1.995795220136642456e-01
1.995918899774551392e-01
1.996060162782669067e-01
1.996227204799652100e-01
1.996406912803649902e-01
1.996550410985946655e-01
1.996632367372512817e-01
1.996697485446929932e-01
1.996780782938003540e-01
1.996831446886062622e-01
1.996806710958480835e-01
1.996736973524093628e-01
1.996635347604751587e-01
1.996473819017410278e-01
1.996237784624099731e-01
1.995966881513595581e-01
1.995708495378494263e-01
1.995487809181213379e-01
1.995321214199066162e-01
1.995234638452529907e-01
1.995248794555664062e-01
1.995345056056976318e-01
1.995487213134765625e-01
1.995645463466644287e-01
1.995781511068344116e-01
1.995884925127029419e-01
1.995984911918640137e-01
1.996120959520339966e-01
1.996280997991561890e-01
1.996428817510604858e-01
1.996570378541946411e-01
1.996717900037765503e-01
1.996815353631973267e-01
1.996787041425704956e-01
1.996616274118423462e-01
1.996360272169113159e-01
1.996083855628967285e-01
1.995830684900283813e-01
1.995643824338912964e-01
1.995545327663421631e-01
1.995510607957839966e-01
1.995496004819869995e-01
1.995474398136138916e-01
1.995451599359512329e-01
1.995437592267990112e-01
1.995443403720855713e-01
1.995484381914138794e-01
1.995553672313690186e-01
1.995600163936614990e-01
1.995609402656555176e-01
1.995624005794525146e-01
1.995704621076583862e-01
1.995878815650939941e-01
1.996120512485504150e-01
1.996369361877441406e-01
1.996571719646453857e-01
1.996695697307586670e-01
1.996726989746093750e-01
1.996686905622482300e-01
1.996614187955856323e-01
1.996535211801528931e-01
1.996400207281112671e-01
1.996180117130279541e-01
1.995947659015655518e-01
1.995767951011657715e-01
1.995631307363510132e-01
1.995504200458526611e-01
1.995381265878677368e-01
1.995285749435424805e-01
1.995248943567276001e-01
1.995272934436798096e-01
1.995332390069961548e-01
1.995383799076080322e-01
1.995401978492736816e-01
1.995413601398468018e-01
1.995476931333541870e-01
1.995628774166107178e-01
1.995855718851089478e-01
1.996123939752578735e-01
1.996400654315948486e-01
1.996620595455169678e-01
1.996696889400482178e-01
1.996611654758453369e-01
1.996445655822753906e-01
1.996279805898666382e-01
1.996146589517593384e-01
1.996058821678161621e-01
1.995995938777923584e-01
1.995920985937118530e-01
1.995818763971328735e-01
1.995701342821121216e-01
1.995580196380615234e-01
1.995442956686019897e-01
1.995306462049484253e-01
1.995218545198440552e-01
1.995181292295455933e-01
1.995185613632202148e-01
1.995244026184082031e-01
1.995349824428558350e-01
1.995457410812377930e-01
1.995531618595123291e-01
1.995594948530197144e-01
1.995700299739837646e-01
1.995879262685775757e-01
1.996113210916519165e-01
1.996340453624725342e-01
1.996522545814514160e-01
1.996633261442184448e-01
1.996634453535079956e-01
1.996534168720245361e-01
1.996384114027023315e-01
1.996247917413711548e-01
1.996144354343414307e-01
1.996062248945236206e-01
1.995989233255386353e-01
1.995912343263626099e-01
1.995825767517089844e-01
1.995739787817001343e-01
1.995670795440673828e-01
1.995604336261749268e-01
1.995530277490615845e-01
1.995474547147750854e-01
1.995457708835601807e-01
1.995461732149124146e-01
1.995449066162109375e-01
1.995427161455154419e-01
1.995447427034378052e-01
1.995547115802764893e-01
1.995708644390106201e-01
1.995864808559417725e-01
1.995988488197326660e-01
1.996084749698638916e-01
1.996170729398727417e-01
1.996269822120666504e-01
1.996395140886306763e-01
1.996510922908782959e-01
1.996576935052871704e-01
1.996583193540573120e-01
1.996536701917648315e-01
1.996448934078216553e-01
1.996338814496994019e-01
1.996207833290100098e-01
1.996059417724609375e-01
1.995901018381118774e-01
1.995717585086822510e-01
1.995516121387481689e-01
1.995345801115036011e-01
1.995256841182708740e-01
1.995253860950469971e-01
1.995311081409454346e-01
1.995406001806259155e-01
1.995505988597869873e-01
1.995591372251510620e-01
1.995660066604614258e-01
1.995752900838851929e-01
1.995886564254760742e-01
