# q_mean,v_mean,q_var,v_var
-1.941542699933052063e-02 1.273351255804300308e-02 2.629934549331665039e-01 2.532981038093566895e-01
-1.573665626347064972e-02 5.229293555021286011e-02 2.720581591129302979e-01 2.506063878536224365e-01
-8.276444859802722931e-03 9.005594253540039062e-02 2.872954010963439941e-01 2.540135979652404785e-01
2.560636959969997406e-03 1.266492605209350586e-01 3.086751103401184082e-01 2.605910897254943848e-01
1.720594801008701324e-02 1.624249815940856934e-01 3.356266915798187256e-01 2.687266469001770020e-01
3.486900776624679565e-02 1.958446800708770752e-01 3.684484660625457764e-01 2.787819504737854004e-01
5.601633712649345398e-02 2.282350808382034302e-01 4.069909155368804932e-01 2.884834408760070801e-01
8.019582927227020264e-02 2.574467957019805908e-01 4.514731168746948242e-01 2.965205311775207520e-01
1.066669151186943054e-01 2.827453911304473877e-01 5.016198158264160156e-01 3.025414049625396729e-01
1.353982537984848022e-01 3.042978048324584961e-01 5.568407177925109863e-01 3.047910630702972412e-01
1.660481691360473633e-01 3.212293684482574463e-01 6.157977581024169922e-01 3.024857938289642334e-01
1.983249336481094360e-01 3.314667344093322754e-01 6.771367788314819336e-01 2.966170907020568848e-01
2.311182767152786255e-01 3.331062197685241699e-01 7.391825914382934570e-01 2.874181866645812988e-01
2.636745870113372803e-01 3.256821036338806152e-01 7.997520565986633301e-01 2.766468822956085205e-01
2.955471873283386230e-01 3.097200989723205566e-01 8.574870824813842773e-01 2.666452527046203613e-01
3.249265551567077637e-01 2.832713127136230469e-01 9.098058938980102539e-01 2.585839033126831055e-01
3.509552776813507080e-01 2.472965121269226074e-01 9.554278850555419922e-01 2.546709775924682617e-01
3.730823993682861328e-01 2.035481631755828857e-01 9.927183389663696289e-01 2.562792301177978516e-01
3.911251127719879150e-01 1.536656618118286133e-01 1.020362854003906250e+00 2.645888328552246094e-01
4.034639000892639160e-01 9.777488559484481812e-02 1.039507389068603516e+00 2.792404592037200928e-01
4.100964665412902832e-01 3.924913704395294189e-02 1.049414992332458496e+00 2.971728742122650146e-01
4.109107255935668945e-01 -1.953948475420475006e-02 1.050377964973449707e+00 3.152322769165039062e-01
4.065642952919006348e-01 -7.806377112865447998e-02 1.044694900512695312e+00 3.312287628650665283e-01
3.962081670761108398e-01 -1.347285807132720947e-01 1.032975196838378906e+00 3.427871167659759521e-01
3.800168633460998535e-01 -1.889777034521102905e-01 1.017356395721435547e+00 3.473444581031799316e-01
3.589041233062744141e-01 -2.389545142650604248e-01 9.973676204681396484e-01 3.474668860435485840e-01
3.329989612102508545e-01 -2.858554720878601074e-01 9.756436347961425781e-01 3.432095646858215332e-01
3.030295968055725098e-01 -3.275710344314575195e-01 9.517909884452819824e-01 3.358160853385925293e-01
2.689353525638580322e-01 -3.657322227954864502e-01 9.272854924201965332e-01 3.265216648578643799e-01
2.312968671321868896e-01 -3.999219536781311035e-01 9.023976922035217285e-01 3.165979981422424316e-01
1.908935010433197021e-01 -4.297807812690734863e-01 8.781189918518066406e-01 3.073827624320983887e-01
1.475481390953063965e-01 -4.561654329299926758e-01 8.529822826385498047e-01 3.001554608345031738e-01
1.015839725732803345e-01 -4.799931645393371582e-01 8.295567035675048828e-01 2.945667207241058350e-01
5.357854068279266357e-02 -5.008685588836669922e-01 8.063855767250061035e-01 2.925243973731994629e-01
4.000290296971797943e-03 -5.177828073501586914e-01 7.846016883850097656e-01 2.918558418750762939e-01
-4.715669155120849609e-02 -5.329568386077880859e-01 7.642421722412109375e-01 2.945294380187988281e-01
-9.963822364807128906e-02 -5.456228256225585938e-01 7.458079457283020020e-01 3.001074194908142090e-01
-1.532864570617675781e-01 -5.562822818756103516e-01 7.291473150253295898e-01 3.089795112609863281e-01
-2.079800218343734741e-01 -5.655683279037475586e-01 7.148093581199645996e-01 3.209092319011688232e-01
-2.636652588844299316e-01 -5.721088647842407227e-01 7.022965550422668457e-01 3.327291607856750488e-01
-3.200063407421112061e-01 -5.753467082977294922e-01 6.917781829833984375e-01 3.433123826980590820e-01
-3.759649395942687988e-01 -5.731413364410400391e-01 6.832613945007324219e-01 3.506992161273956299e-01
-4.316270351409912109e-01 -5.642411708831787109e-01 6.758642196655273438e-01 3.553060591220855713e-01
-4.862369894981384277e-01 -5.489537715911865234e-01 6.682486534118652344e-01 3.590318858623504639e-01
-5.391387939453125000e-01 -5.257188677787780762e-01 6.605719923973083496e-01 3.641055822372436523e-01
-5.896335244178771973e-01 -4.949101209640502930e-01 6.505321860313415527e-01 3.755042552947998047e-01
-6.364784240722656250e-01 -4.565533399581909180e-01 6.374664902687072754e-01 3.947049081325531006e-01
-6.789144277572631836e-01 -4.102002084255218506e-01 6.216474771499633789e-01 4.240726530551910400e-01
-7.169096469879150391e-01 -3.588501811027526855e-01 6.023721694946289062e-01 4.612920284271240234e-01
-7.496715784072875977e-01 -3.039482831954956055e-01 5.809904336929321289e-01 5.005844235420227051e-01
-7.767328023910522461e-01 -2.459833025932312012e-01 5.583969950675964355e-01 5.366348624229431152e-01
-7.977705001831054688e-01 -1.851077675819396973e-01 5.356774330139160156e-01 5.664873123168945312e-01
-8.128388524055480957e-01 -1.230196878314018250e-01 5.140060782432556152e-01 5.851289033889770508e-01
-8.216459751129150391e-01 -5.926829203963279724e-02 4.941750168800354004e-01 5.974693298339843750e-01
-8.239969015121459961e-01 5.041178781539201736e-03 4.762996435165405273e-01 6.028301715850830078e-01
-8.200230598449707031e-01 6.869056820869445801e-02 4.612531363964080811e-01 6.016048789024353027e-01
-8.099228143692016602e-01 1.302890032529830933e-01 4.490523934364318848e-01 5.922467708587646484e-01
-7.940348982810974121e-01 1.903756707906723022e-01 4.401904344558715820e-01 5.796148777008056641e-01
-7.722438573837280273e-01 2.479920238256454468e-01 4.350452125072479248e-01 5.631439685821533203e-01
-7.452465891838073730e-01 3.023845255374908447e-01 4.333987236022949219e-01 5.439288616180419922e-01
-7.124377489089965820e-01 3.554408550262451172e-01 4.358782172203063965e-01 5.226190686225891113e-01
-6.748522520065307617e-01 4.054633080959320068e-01 4.417510032653808594e-01 4.989064335823059082e-01
-6.327105760574340820e-01 4.526429772377014160e-01 4.511341750621795654e-01 4.763701260089874268e-01
-5.860334634780883789e-01 4.965813755989074707e-01 4.650547504425048828e-01 4.547873139381408691e-01
-5.357886552810668945e-01 5.367867946624755859e-01 4.832897186279296875e-01 4.378615617752075195e-01
-4.811584353446960449e-01 5.746921896934509277e-01 5.060029029846191406e-01 4.223880469799041748e-01
-4.227973818778991699e-01 6.111376285552978516e-01 5.316004753112792969e-01 4.072054028511047363e-01
-3.607046008110046387e-01 6.434255838394165039e-01 5.622426271438598633e-01 3.905646800994873047e-01
-2.962208986282348633e-01 6.707350015640258789e-01 5.962163209915161133e-01 3.735739588737487793e-01
-2.290289551019668579e-01 6.926240324974060059e-01 6.328586339950561523e-01 3.544232249259948730e-01
-1.603851020336151123e-01 7.083326578140258789e-01 6.715300679206848145e-01 3.367192149162292480e-01
-8.948004245758056641e-02 7.189571857452392578e-01 7.096259593963623047e-01 3.214673697948455811e-01
-1.885342970490455627e-02 7.228955030441284180e-01 7.447312474250793457e-01 3.152883052825927734e-01
5.195791274309158325e-02 7.187892198562622070e-01 7.770567536354064941e-01 3.206239044666290283e-01
1.226955056190490723e-01 7.078177928924560547e-01 8.053022027015686035e-01 3.383120000362396240e-01
1.916495859622955322e-01 6.896529793739318848e-01 8.275618553161621094e-01 3.688860535621643066e-01
2.584299743175506592e-01 6.641846895217895508e-01 8.438285589218139648e-01 4.125658571720123291e-01
3.222251534461975098e-01 6.328134536743164062e-01 8.530532121658325195e-01 4.619073867797851562e-01
3.827005922794342041e-01 5.946085453033447266e-01 8.566701412200927734e-01 5.140313506126403809e-01
4.384582340717315674e-01 5.506570339202880859e-01 8.559427261352539062e-01 5.629812479019165039e-01
4.907664656639099121e-01 4.994940161705017090e-01 8.520116806030273438e-01 6.047182679176330566e-01
5.365338325500488281e-01 4.406988620758056641e-01 8.444310426712036133e-01 6.404863595962524414e-01
5.770794749259948730e-01 3.763249814510345459e-01 8.321749567985534668e-01 6.663964986801147461e-01
6.103302240371704102e-01 3.051130771636962891e-01 8.176544904708862305e-01 6.892161369323730469e-01
6.360976696014404297e-01 2.298444807529449463e-01 8.000968694686889648e-01 7.087284922599792480e-01
6.559111475944519043e-01 1.519776582717895508e-01 7.807141542434692383e-01 7.257263660430908203e-01
6.673021912574768066e-01 7.275693118572235107e-02 7.583974599838256836e-01 7.422378063201904297e-01
6.717216968536376953e-01 -5.330035462975502014e-03 7.350427508354187012e-01 7.575173377990722656e-01
6.685419082641601562e-01 -8.058395236730575562e-02 7.126009464263916016e-01 7.664968371391296387e-01
6.575896739959716797e-01 -1.527451872825622559e-01 6.922617554664611816e-01 7.688193917274475098e-01
6.397997736930847168e-01 -2.211542129516601562e-01 6.750260591506958008e-01 7.611066102981567383e-01
6.149828433990478516e-01 -2.862820923328399658e-01 6.610919237136840820e-01 7.454943656921386719e-01
5.839737653732299805e-01 -3.470878601074218750e-01 6.538059711456298828e-01 7.185024023056030273e-01
5.476255416870117188e-01 -4.046172499656677246e-01 6.509569287300109863e-01 6.853960156440734863e-01
5.061948299407958984e-01 -4.585728943347930908e-01 6.532520651817321777e-01 6.455915570259094238e-01
4.603527784347534180e-01 -5.061240196228027344e-01 6.603170633316040039e-01 6.015725731849670410e-01
4.090232253074645996e-01 -5.529440045356750488e-01 6.699664592742919922e-01 5.625740289688110352e-01
3.535355925559997559e-01 -5.961138010025024414e-01 6.844935417175292969e-01 5.263260602951049805e-01
2.929997742176055908e-01 -6.368134617805480957e-01 7.018497586250305176e-01 4.956048727035522461e-01
2.290592640638351440e-01 -6.734487414360046387e-01 7.188552618026733398e-01 4.680556952953338623e-01
1.611959934234619141e-01 -7.062984704971313477e-01 7.376694679260253906e-01 4.458627700805664062e-01
9.098937362432479858e-02 -7.347352504730224609e-01 7.582741379737854004e-01 4.294361472129821777e-01
1.842232421040534973e-02 -7.572331428527832031e-01 7.819966077804565430e-01 4.179830253124237061e-01
-5.530449002981185913e-02 -7.737320661544799805e-01 8.015853166580200195e-01 4.127294719219207764e-01
-1.317525655031204224e-01 -7.842414379119873047e-01 8.190554380416870117e-01 4.150755107402801514e-01
-2.082240730524063110e-01 -7.866328954696655273e-01 8.358601331710815430e-01 4.244283437728881836e-01
-2.839882969856262207e-01 -7.819092869758605957e-01 8.487090468406677246e-01 4.408147335052490234e-01
-3.600142002105712891e-01 -7.688508629798889160e-01 8.594486117362976074e-01 4.647436738014221191e-01
-4.344476461410522461e-01 -7.475576400756835938e-01 8.659110069274902344e-01 4.951366186141967773e-01
-5.063279867172241211e-01 -7.163387537002563477e-01 8.668594360351562500e-01 5.301795005798339844e-01
-5.742675065994262695e-01 -6.748473048210144043e-01 8.638206720352172852e-01 5.689502954483032227e-01
-6.368628740310668945e-01 -6.233015060424804688e-01 8.552581667900085449e-01 6.114094853401184082e-01
-6.945613622665405273e-01 -5.619491338729858398e-01 8.436826467514038086e-01 6.563917398452758789e-01
-7.456080913543701172e-01 -4.914413392543792725e-01 8.239143490791320801e-01 7.007173299789428711e-01
-7.897194027900695801e-01 -4.136951863765716553e-01 7.992255687713623047e-01 7.452016472816467285e-01
-8.259605169296264648e-01 -3.295471370220184326e-01 7.735767364501953125e-01 7.859941720962524414e-01
-8.529186248779296875e-01 -2.417987287044525146e-01 7.423900365829467773e-01 8.219000101089477539e-01
-8.716238141059875488e-01 -1.528099477291107178e-01 7.112470865249633789e-01 8.508596420288085938e-01
-8.826543092727661133e-01 -6.418086588382720947e-02 6.793460845947265625e-01 8.717534542083740234e-01
-8.836734890937805176e-01 2.180299535393714905e-02 6.478215456008911133e-01 8.844341039657592773e-01
-8.766239881515502930e-01 1.040529459714889526e-01 6.168035268783569336e-01 8.873744010925292969e-01
-8.623241782188415527e-01 1.798724830150604248e-01 5.911217927932739258e-01 8.795566558837890625e-01
-8.400292396545410156e-01 2.496590018272399902e-01 5.694316625595092773e-01 8.596113920211791992e-01
-8.112943172454833984e-01 3.144608139991760254e-01 5.523312091827392578e-01 8.265652060508728027e-01
-7.762703299522399902e-01 3.731978833675384521e-01 5.388533473014831543e-01 7.831712961196899414e-01
-7.350338697433471680e-01 4.277493357658386230e-01 5.313327312469482422e-01 7.337527275085449219e-01
-6.901987791061401367e-01 4.784393608570098877e-01 5.264437198638916016e-01 6.809100508689880371e-01
-6.404510736465454102e-01 5.247585773468017578e-01 5.259864926338195801e-01 6.282368898391723633e-01
-5.856932401657104492e-01 5.680357217788696289e-01 5.287789106369018555e-01 5.779790878295898438e-01
-5.271314382553100586e-01 6.093491911888122559e-01 5.340387225151062012e-01 5.322866439819335938e-01
-4.650952816009521484e-01 6.479986906051635742e-01 5.417816638946533203e-01 4.902771711349487305e-01
-3.990829885005950928e-01 6.847733259201049805e-01 5.529280900955200195e-01 4.540640115737915039e-01
-3.305867314338684082e-01 7.205358743667602539e-01 5.673322677612304688e-01 4.239488244056701660e-01
-2.569147646427154541e-01 7.527816891670227051e-01 5.846668481826782227e-01 3.981448411941528320e-01
-1.809659749269485474e-01 7.833067178726196289e-01 6.019225120544433594e-01 3.778450191020965576e-01
-1.009841263294219971e-01 8.101004958152770996e-01 6.229982972145080566e-01 3.605101108551025391e-01
-1.934908702969551086e-02 8.342829346656799316e-01 6.473757028579711914e-01 3.466263413429260254e-01
6.513178348541259766e-02 8.537544012069702148e-01 6.725355386734008789e-01 3.371635675430297852e-01
1.506869643926620483e-01 8.671908378601074219e-01 7.003748416900634766e-01 3.298084437847137451e-01
2.373608797788619995e-01 8.734036684036254883e-01 7.268889546394348145e-01 3.261593878269195557e-01
3.239659667015075684e-01 8.707910776138305664e-01 7.506284713745117188e-01 3.290275931358337402e-01
4.100283980369567871e-01 8.570318222045898438e-01 7.730563879013061523e-01 3.376333713531494141e-01
4.941889345645904541e-01 8.315948247909545898e-01 7.897276878356933594e-01 3.556177318096160889e-01
5.754664540290832520e-01 7.921276092529296875e-01 7.998433113098144531e-01 3.839723765850067139e-01
6.509166359901428223e-01 7.407103776931762695e-01 8.027488589286804199e-01 4.236782789230346680e-01
7.211188077926635742e-01 6.749531030654907227e-01 7.956873178482055664e-01 4.760038554668426514e-01
7.851997613906860352e-01 5.976336002349853516e-01 7.792733907699584961e-01 5.383930802345275879e-01
8.419108390808105469e-01 5.094122886657714844e-01 7.553917765617370605e-01 6.093087196350097656e-01
8.883225917816162109e-01 4.148976206779479980e-01 7.233173847198486328e-01 6.871793270111083984e-01
9.237075448036193848e-01 3.174551725387573242e-01 6.858017444610595703e-01 7.654526233673095703e-01
9.502584934234619141e-01 2.183585762977600098e-01 6.441559195518493652e-01 8.372130393981933594e-01
9.677407741546630859e-01 1.211533993482589722e-01 6.040663719177246094e-01 8.935989141464233398e-01
9.765281677246093750e-01 2.683284506201744080e-02 5.647708177566528320e-01 9.282126426696777344e-01
9.756962656974792480e-01 -6.093555688858032227e-02 5.310440063476562500e-01 9.434996247291564941e-01
9.672743678092956543e-01 -1.438866853713989258e-01 5.023386478424072266e-01 9.344601035118103027e-01
9.505405426025390625e-01 -2.205910682678222656e-01 4.777595698833465576e-01 9.073021411895751953e-01
9.256212115287780762e-01 -2.906765937805175781e-01 4.595547318458557129e-01 8.644075989723205566e-01
8.950359821319580078e-01 -3.553322553634643555e-01 4.467980265617370605e-01 8.122985363006591797e-01
8.588724136352539062e-01 -4.152307510375976562e-01 4.364087581634521484e-01 7.550822496414184570e-01
8.166561722755432129e-01 -4.690373241901397705e-01 4.311866462230682373e-01 6.960069537162780762e-01
7.698093652725219727e-01 -5.181882977485656738e-01 4.276970624923706055e-01 6.372497677803039551e-01
7.182286977767944336e-01 -5.629105567932128906e-01 4.261956214904785156e-01 5.841010212898254395e-01
6.625145077705383301e-01 -6.034790277481079102e-01 4.259784817695617676e-01 5.365672707557678223e-01
6.027545332908630371e-01 -6.405677795410156250e-01 4.274803400039672852e-01 4.937468767166137695e-01
5.401295423507690430e-01 -6.748391389846801758e-01 4.316774010658264160e-01 4.562796950340270996e-01
4.733298420906066895e-01 -7.069575786590576172e-01 4.377481341361999512e-01 4.243808388710021973e-01
4.031040370464324951e-01 -7.377077937126159668e-01 4.461650252342224121e-01 3.960798084735870361e-01
3.311789631843566895e-01 -7.687060832977294922e-01 4.578984975814819336e-01 3.709050118923187256e-01
2.561922669410705566e-01 -7.997992038726806641e-01 4.723708927631378174e-01 3.466285467147827148e-01
1.776182055473327637e-01 -8.304516673088073730e-01 4.904974400997161865e-01 3.267305493354797363e-01
9.604766219854354858e-02 -8.607296943664550781e-01 5.132373571395874023e-01 3.093158006668090820e-01
1.223801448941230774e-02 -8.908354640007019043e-01 5.372272729873657227e-01 2.935433685779571533e-01
-7.634115964174270630e-02 -9.174597859382629395e-01 5.644369125366210938e-01 2.796783447265625000e-01
-1.664122641086578369e-01 -9.413576126098632812e-01 5.964056253433227539e-01 2.687135338783264160e-01
-2.580372691154479980e-01 -9.587289094924926758e-01 6.300380229949951172e-01 2.605825066566467285e-01
-3.517918884754180908e-01 -9.664648771286010742e-01 6.628494262695312500e-01 2.563931345939636230e-01
-4.442550539970397949e-01 -9.643000960350036621e-01 6.949433088302612305e-01 2.562319934368133545e-01
-5.374174118041992188e-01 -9.466181397438049316e-01 7.206604480743408203e-01 2.638466358184814453e-01
-6.270570755004882812e-01 -9.130100011825561523e-01 7.406676411628723145e-01 2.831588387489318848e-01
-7.141157984733581543e-01 -8.603012561798095703e-01 7.514591217041015625e-01 3.161835074424743652e-01
-7.946666479110717773e-01 -7.906650304794311523e-01 7.524036169052124023e-01 3.678617477416992188e-01
-8.673803806304931641e-01 -7.043919563293457031e-01 7.441313266754150391e-01 4.381270110607147217e-01
-9.299378395080566406e-01 -6.044155359268188477e-01 7.223456501960754395e-01 5.253571271896362305e-01
-9.839884042739868164e-01 -4.926876127719879150e-01 6.920960545539855957e-01 6.216879487037658691e-01
-1.025118231773376465e+00 -3.759393990039825439e-01 6.567574739456176758e-01 7.226329445838928223e-01
-1.054720044136047363e+00 -2.572264969348907471e-01 6.168568730354309082e-01 8.144934177398681641e-01
-1.072018146514892578e+00 -1.410249322652816772e-01 5.750145316123962402e-01 8.879223465919494629e-01
-1.079172015190124512e+00 -2.881542965769767761e-02 5.344745516777038574e-01 9.324356317520141602e-01
-1.075171232223510742e+00 7.566858083009719849e-02 4.988306760787963867e-01 9.509279727935791016e-01
-1.061447501182556152e+00 1.713968366384506226e-01 4.679913222789764404e-01 9.406404495239257812e-01
-1.038645625114440918e+00 2.581657171249389648e-01 4.434757232666015625e-01 9.115103483200073242e-01
-1.007830381393432617e+00 3.354962468147277832e-01 4.249298274517059326e-01 8.661384582519531250e-01
-9.704596996307373047e-01 4.042830467224121094e-01 4.109052121639251709e-01 8.102166056632995605e-01
-9.268606305122375488e-01 4.646579623222351074e-01 4.005836546421051025e-01 7.521592378616333008e-01
-8.766235709190368652e-01 5.141173601150512695e-01 3.954448699951171875e-01 6.914939880371093750e-01
-8.222850561141967773e-01 5.575668215751647949e-01 3.924635648727416992e-01 6.324173212051391602e-01
-7.646611928939819336e-01 5.960698723793029785e-01 3.910529017448425293e-01 5.743956565856933594e-01
-7.036910653114318848e-01 6.299563050270080566e-01 3.926330208778381348e-01 5.179362297058105469e-01
-6.400420665740966797e-01 6.613358259201049805e-01 3.959138095378875732e-01 4.645920991897583008e-01
-5.728632211685180664e-01 6.890276670455932617e-01 3.996532559394836426e-01 4.171437025070190430e-01
-5.025013685226440430e-01 7.156776189804077148e-01 4.035388827323913574e-01 3.759085536003112793e-01
-4.301413893699645996e-01 7.420737743377685547e-01 4.078714251518249512e-01 3.385998308658599854e-01
-3.545475900173187256e-01 7.676754593849182129e-01 4.141784608364105225e-01 3.053360581398010254e-01
-2.778635025024414062e-01 7.971422672271728516e-01 4.224155247211456299e-01 2.795573174953460693e-01
-1.960115134716033936e-01 8.235814571380615234e-01 4.336671233177185059e-01 2.560019493103027344e-01
-1.132278740406036377e-01 8.553001880645751953e-01 4.458793401718139648e-01 2.391471564769744873e-01
-2.731141820549964905e-02 8.881360292434692383e-01 4.609754085540771484e-01 2.243643701076507568e-01
6.193970888853073120e-02 9.206495285034179688e-01 4.786779880523681641e-01 2.148460447788238525e-01
1.535400748252868652e-01 9.542272090911865234e-01 4.987351894378662109e-01 2.052743732929229736e-01
2.489071339368820190e-01 9.828742742538452148e-01 5.198850631713867188e-01 1.982578337192535400e-01
3.480394482612609863e-01 1.004330873489379883e+00 5.430578589439392090e-01 1.925967037677764893e-01
4.473707675933837891e-01 1.020275831222534180e+00 5.670063495635986328e-01 1.878608018159866333e-01
5.480176210403442383e-01 1.024310708045959473e+00 5.888291597366333008e-01 1.875989735126495361e-01
6.491074562072753906e-01 1.011317968368530273e+00 6.083009243011474609e-01 1.934471726417541504e-01
7.477508187294006348e-01 9.813327789306640625e-01 6.242742538452148438e-01 2.121679335832595825e-01
8.428766131401062012e-01 9.298342466354370117e-01 6.305483579635620117e-01 2.465476542711257935e-01
9.319380521774291992e-01 8.557912707328796387e-01 6.287782192230224609e-01 2.978799343109130859e-01
1.011754751205444336e+00 7.618959546089172363e-01 6.181358098983764648e-01 3.667074143886566162e-01
1.082249641418457031e+00 6.465007066726684570e-01 5.966272950172424316e-01 4.509405493736267090e-01
1.139458775520324707e+00 5.169585943222045898e-01 5.689412355422973633e-01 5.429445505142211914e-01
1.183569788932800293e+00 3.751632571220397949e-01 5.338305234909057617e-01 6.358897686004638672e-01
1.213279247283935547e+00 2.284174263477325439e-01 4.959059357643127441e-01 7.205883860588073730e-01
1.229439973831176758e+00 8.057153224945068359e-02 4.564397335052490234e-01 7.870917320251464844e-01
1.230448246002197266e+00 -6.023788079619407654e-02 4.186669588088989258e-01 8.336421847343444824e-01
1.218562841415405273e+00 -1.910596191883087158e-01 3.839994370937347412e-01 8.547528386116027832e-01
1.193915724754333496e+00 -3.082419633865356445e-01 3.529140651226043701e-01 8.497829437255859375e-01
1.158878564834594727e+00 -4.105302095413208008e-01 3.288827538490295410e-01 8.239593505859375000e-01
1.115342378616333008e+00 -4.977506399154663086e-01 3.098060488700866699e-01 7.814612388610839844e-01
1.063589811325073242e+00 -5.693762302398681641e-01 2.963502407073974609e-01 7.266606092453002930e-01
1.004986524581909180e+00 -6.264609098434448242e-01 2.863886356353759766e-01 6.684862971305847168e-01
9.419597387313842773e-01 -6.711802482604980469e-01 2.813897430896759033e-01 6.090124249458312988e-01
8.751593232154846191e-01 -7.060946822166442871e-01 2.784802317619323730e-01 5.482491254806518555e-01
8.051822781562805176e-01 -7.329491972923278809e-01 2.789903581142425537e-01 4.898627996444702148e-01
7.332603931427001953e-01 -7.547643184661865234e-01 2.807534635066986084e-01 4.328874349594116211e-01
6.592248678207397461e-01 -7.728013992309570312e-01 2.847033739089965820e-01 3.797686696052551270e-01
5.828207731246948242e-01 -7.877609729766845703e-01 2.889561355113983154e-01 3.321965336799621582e-01
5.048883557319641113e-01 -8.028706908226013184e-01 2.933810055255889893e-01 2.923294901847839355e-01
4.264663457870483398e-01 -8.205068111419677734e-01 2.996682524681091309e-01 2.576991319656372070e-01
3.464528918266296387e-01 -8.408374786376953125e-01 3.055706918239593506e-01 2.293959558010101318e-01
2.637696862220764160e-01 -8.630062341690063477e-01 3.115036487579345703e-01 2.076736986637115479e-01
1.792173981666564941e-01 -8.889861106872558594e-01 3.177237510681152344e-01 1.905829012393951416e-01
9.136623144149780273e-02 -9.170005321502685547e-01 3.282124102115631104e-01 1.767433136701583862e-01
1.506732311099767685e-03 -9.502164721488952637e-01 3.392580151557922363e-01 1.668018549680709839e-01
-9.227778762578964233e-02 -9.850939512252807617e-01 3.532130122184753418e-01 1.578856855630874634e-01
-1.891510784626007080e-01 -1.021598100662231445e+00 3.709233999252319336e-01 1.513199508190155029e-01
-2.899444997310638428e-01 -1.056819200515747070e+00 3.916135430335998535e-01 1.454787701368331909e-01
-3.939360082149505615e-01 -1.088123321533203125e+00 4.138486683368682861e-01 1.406948566436767578e-01
-4.997037649154663086e-01 -1.113522291183471680e+00 4.372299909591674805e-01 1.347968280315399170e-01
-6.098631024360656738e-01 -1.123312950134277344e+00 4.591879248619079590e-01 1.310535818338394165e-01
-7.204742431640625000e-01 -1.117144107818603516e+00 4.793465137481689453e-01 1.324725598096847534e-01
-8.283385038375854492e-01 -1.091518640518188477e+00 4.949205517768859863e-01 1.455961167812347412e-01
-9.326557517051696777e-01 -1.041570425033569336e+00 5.056332945823669434e-01 1.743991971015930176e-01
-1.030516862869262695e+00 -9.647074937820434570e-01 5.060385465621948242e-01 2.277009785175323486e-01
-1.120186805725097656e+00 -8.586026430130004883e-01 4.998510777950286865e-01 3.007180392742156982e-01
-1.198239088058471680e+00 -7.259762287139892578e-01 4.832314252853393555e-01 3.944301605224609375e-01
-1.261953353881835938e+00 -5.715296864509582520e-01 4.601783752441406250e-01 4.987148046493530273e-01
