# q_mean,v_mean,q_var,v_var
-1.941542699933052063e-02 1.273351255804300308e-02 2.629934549331665039e-01 2.532981038093566895e-01
-1.625251583755016327e-02 5.110922455787658691e-02 2.715631723403930664e-01 2.509441971778869629e-01
-9.388489648699760437e-03 8.861961215734481812e-02 2.864526510238647461e-01 2.543179392814636230e-01
1.123907975852489471e-03 1.249972060322761536e-01 3.075621128082275391e-01 2.614903450012207031e-01
1.512455381453037262e-02 1.603411436080932617e-01 3.348363041877746582e-01 2.710508704185485840e-01
3.255931288003921509e-02 1.944403648376464844e-01 3.682594895362854004e-01 2.819356918334960938e-01
5.324953049421310425e-02 2.264076620340347290e-01 4.079098701477050781e-01 2.926962971687316895e-01
7.695274055004119873e-02 2.559360861778259277e-01 4.535897374153137207e-01 3.014898598194122314e-01
1.034291535615921021e-01 2.821312248706817627e-01 5.048145651817321777e-01 3.068034052848815918e-01
1.322736442089080811e-01 3.034800589084625244e-01 5.607496500015258789e-01 3.079983592033386230e-01
1.629400253295898438e-01 3.188895583152770996e-01 6.202648878097534180e-01 3.052468895912170410e-01
1.948073655366897583e-01 3.278042078018188477e-01 6.820755004882812500e-01 2.986910641193389893e-01
2.272218465805053711e-01 3.291969299316406250e-01 7.445708513259887695e-01 2.884199619293212891e-01
2.593712210655212402e-01 3.217031955718994141e-01 8.057551383972167969e-01 2.760755419731140137e-01
2.903274893760681152e-01 3.042774796485900879e-01 8.636912107467651367e-01 2.639683187007904053e-01
3.190733790397644043e-01 2.774177789688110352e-01 9.161607027053833008e-01 2.549139261245727539e-01
3.447663187980651855e-01 2.418140769004821777e-01 9.612421989440917969e-01 2.522208690643310547e-01
3.665459156036376953e-01 1.985986828804016113e-01 9.975761175155639648e-01 2.581132054328918457e-01
3.837692737579345703e-01 1.495848298072814941e-01 1.024363040924072266e+00 2.721837162971496582e-01
3.959450721740722656e-01 9.594371914863586426e-02 1.041777610778808594e+00 2.912787795066833496e-01
4.026577770709991455e-01 3.972026705741882324e-02 1.050488710403442383e+00 3.121879100799560547e-01
4.038016796112060547e-01 -1.776806078851222992e-02 1.051561713218688965e+00 3.311018943786621094e-01
3.992483019828796387e-01 -7.454746216535568237e-02 1.046403169631958008e+00 3.446765244007110596e-01
3.892412185668945312e-01 -1.291405707597732544e-01 1.036222934722900391e+00 3.519248664379119873e-01
3.739838898181915283e-01 -1.811095774173736572e-01 1.022135853767395020e+00 3.527711629867553711e-01
3.537798523902893066e-01 -2.299345582723617554e-01 1.005120277404785156e+00 3.484242558479309082e-01
3.289449214935302734e-01 -2.755608558654785156e-01 9.857176542282104492e-01 3.401843905448913574e-01
2.997913956642150879e-01 -3.175309896469116211e-01 9.644636511802673340e-01 3.303937613964080811e-01
2.667191028594970703e-01 -3.559602499008178711e-01 9.419142007827758789e-01 3.199350237846374512e-01
2.300300896167755127e-01 -3.905730247497558594e-01 9.186713695526123047e-01 3.092859983444213867e-01
1.901586055755615234e-01 -4.213338494300842285e-01 8.952165842056274414e-01 2.989599704742431641e-01
1.474365741014480591e-01 -4.493100643157958984e-01 8.718231916427612305e-01 2.904606461524963379e-01
1.020801961421966553e-01 -4.747056365013122559e-01 8.487548828125000000e-01 2.845642566680908203e-01
5.436964333057403564e-02 -4.974485039710998535e-01 8.262431025505065918e-01 2.804464101791381836e-01
4.550273530185222626e-03 -5.179954171180725098e-01 8.044794201850891113e-01 2.791098356246948242e-01
-4.719019681215286255e-02 -5.362865328788757324e-01 7.837830781936645508e-01 2.802039682865142822e-01
-1.006025820970535278e-01 -5.520993471145629883e-01 7.644819021224975586e-01 2.831888794898986816e-01
-1.554456204175949097e-01 -5.653550624847412109e-01 7.465505599975585938e-01 2.876147627830505371e-01
-2.114606201648712158e-01 -5.751295685768127441e-01 7.300245165824890137e-01 2.929505109786987305e-01
-2.682304382324218750e-01 -5.807179212570190430e-01 7.147636413574218750e-01 2.997326552867889404e-01
-3.253438770771026611e-01 -5.818030834197998047e-01 7.004628777503967285e-01 3.081326484680175781e-01
-3.823322057723999023e-01 -5.777704119682312012e-01 6.867569684982299805e-01 3.178948163986206055e-01
-4.386629164218902588e-01 -5.676423311233520508e-01 6.731290817260742188e-01 3.292371630668640137e-01
-4.936779141426086426e-01 -5.512224435806274414e-01 6.589685678482055664e-01 3.435482382774353027e-01
-5.467928051948547363e-01 -5.278798341751098633e-01 6.438311934471130371e-01 3.623497486114501953e-01
-5.972485542297363281e-01 -4.975188970565795898e-01 6.274254322052001953e-01 3.866755366325378418e-01
-6.444135308265686035e-01 -4.615273475646972656e-01 6.096726655960083008e-01 4.146559834480285645e-01
-6.878129243850708008e-01 -4.208010435104370117e-01 5.909292697906494141e-01 4.439524412155151367e-01
-7.269980311393737793e-01 -3.753057122230529785e-01 5.714237689971923828e-01 4.734822809696197510e-01
-7.614861726760864258e-01 -3.249264359474182129e-01 5.518041849136352539e-01 5.016875267028808594e-01
-7.907994985580444336e-01 -2.702096104621887207e-01 5.325138568878173828e-01 5.269858837127685547e-01
-8.145610094070434570e-01 -2.115918993949890137e-01 5.141769647598266602e-01 5.478707551956176758e-01
-8.323869705200195312e-01 -1.491827666759490967e-01 4.972524046897888184e-01 5.623409748077392578e-01
-8.439168930053710938e-01 -8.444303274154663086e-02 4.822228550910949707e-01 5.691953897476196289e-01
-8.490410447120666504e-01 -1.785882376134395599e-02 4.692550897598266602e-01 5.695061683654785156e-01
-8.475266695022583008e-01 4.968434572219848633e-02 4.584622979164123535e-01 5.638753175735473633e-01
-8.393986225128173828e-01 1.161540448665618896e-01 4.499415755271911621e-01 5.537421107292175293e-01
-8.248442411422729492e-01 1.811511814594268799e-01 4.438453316688537598e-01 5.401085615158081055e-01
-8.039752244949340820e-01 2.437669038772583008e-01 4.403715133666992188e-01 5.232435464859008789e-01
-7.771297693252563477e-01 3.028103113174438477e-01 4.395790100097656250e-01 5.045317411422729492e-01
-7.446775436401367188e-01 3.581178188323974609e-01 4.416573047637939453e-01 4.845569133758544922e-01
-7.069823145866394043e-01 4.093327820301055908e-01 4.466968178749084473e-01 4.643782377243041992e-01
-6.644778251647949219e-01 4.565518498420715332e-01 4.549207687377929688e-01 4.452281594276428223e-01
-6.175205707550048828e-01 5.003486871719360352e-01 4.664888978004455566e-01 4.272554814815521240e-01
-5.664236545562744141e-01 5.414012670516967773e-01 4.816002845764160156e-01 4.092861711978912354e-01
-5.114138126373291016e-01 5.793346166610717773e-01 5.003345012664794922e-01 3.913168907165527344e-01
-4.528641104698181152e-01 6.142622828483581543e-01 5.226889848709106445e-01 3.738699555397033691e-01
-3.910062313079833984e-01 6.459673047065734863e-01 5.484642982482910156e-01 3.568971157073974609e-01
-3.262260556221008301e-01 6.737096309661865234e-01 5.771486759185791016e-01 3.407208919525146484e-01
-2.589221298694610596e-01 6.970421075820922852e-01 6.081433296203613281e-01 3.263773918151855469e-01
-1.895583868026733398e-01 7.157776355743408203e-01 6.405725479125976562e-01 3.153791427612304688e-01
-1.185761094093322754e-01 7.293813824653625488e-01 6.733082532882690430e-01 3.089586794376373291e-01
-4.653245955705642700e-02 7.378124594688415527e-01 7.052497863769531250e-01 3.085377812385559082e-01
2.610571309924125671e-02 7.403562068939208984e-01 7.354013919830322266e-01 3.154228329658508301e-01
9.866609424352645874e-02 7.357202172279357910e-01 7.627413868904113770e-01 3.304297626018524170e-01
1.704078316688537598e-01 7.236291170120239258e-01 7.864711284637451172e-01 3.528394699096679688e-01
2.406044155359268188e-01 7.042222023010253906e-01 8.057188987731933594e-01 3.813505172729492188e-01
3.085488677024841309e-01 6.766938567161560059e-01 8.199174404144287109e-01 4.150900840759277344e-01
3.733670711517333984e-01 6.408030986785888672e-01 8.286929726600646973e-01 4.536965489387512207e-01
4.342814087867736816e-01 5.971594452857971191e-01 8.319324851036071777e-01 4.966801404953002930e-01
4.905518889427185059e-01 5.461782217025756836e-01 8.297287225723266602e-01 5.439702868461608887e-01
5.414813756942749023e-01 4.882462322711944580e-01 8.225240111351013184e-01 5.939016938209533691e-01
5.864039063453674316e-01 4.241290986537933350e-01 8.111399412155151367e-01 6.432123184204101562e-01
6.247661709785461426e-01 3.542406558990478516e-01 7.965875267982482910e-01 6.864515542984008789e-01
6.559952497482299805e-01 2.791841030120849609e-01 7.800165414810180664e-01 7.185614109039306641e-01
6.796424984931945801e-01 2.004902660846710205e-01 7.622500658035278320e-01 7.375475764274597168e-01
6.954402923583984375e-01 1.188601925969123840e-01 7.438163757324218750e-01 7.449531555175781250e-01
7.030920982360839844e-01 3.556753695011138916e-02 7.249772548675537109e-01 7.438818216323852539e-01
7.025548815727233887e-01 -4.768472909927368164e-02 7.060866355895996094e-01 7.362110614776611328e-01
6.938837766647338867e-01 -1.296282708644866943e-01 6.872690916061401367e-01 7.243797183036804199e-01
6.772772073745727539e-01 -2.084600478410720825e-01 6.689270734786987305e-01 7.113138437271118164e-01
6.531387567520141602e-01 -2.828532457351684570e-01 6.517190337181091309e-01 6.988272666931152344e-01
6.219369769096374512e-01 -3.517877161502838135e-01 6.366964578628540039e-01 6.864514350891113281e-01
5.842658281326293945e-01 -4.144181013107299805e-01 6.249154210090637207e-01 6.726951599121093750e-01
5.407674908638000488e-01 -4.709371924400329590e-01 6.175423860549926758e-01 6.555711030960083008e-01
4.920021891593933105e-01 -5.216456055641174316e-01 6.155363917350769043e-01 6.328930854797363281e-01
4.385441243648529053e-01 -5.672593116760253906e-01 6.194781064987182617e-01 6.050134897232055664e-01
3.808278143405914307e-01 -6.092362403869628906e-01 6.294326186180114746e-01 5.731554031372070312e-01
3.191348016262054443e-01 -6.477073431015014648e-01 6.451625823974609375e-01 5.386127233505249023e-01
2.538594901561737061e-01 -6.826624274253845215e-01 6.660171151161193848e-01 5.034206509590148926e-01
1.853089332580566406e-01 -7.141360044479370117e-01 6.909149885177612305e-01 4.701628983020782471e-01
1.138535588979721069e-01 -7.417835593223571777e-01 7.185651063919067383e-01 4.417816400527954102e-01
3.987697884440422058e-02 -7.653028964996337891e-01 7.477164864540100098e-01 4.198820292949676514e-01
-3.619628027081489563e-02 -7.839452028274536133e-01 7.769815921783447266e-01 4.059463143348693848e-01
-1.138379126787185669e-01 -7.962932586669921875e-01 8.051178455352783203e-01 4.000668525695800781e-01
-1.923476159572601318e-01 -8.011353611946105957e-01 8.307223320007324219e-01 4.020695984363555908e-01
-2.709500193595886230e-01 -7.972983121871948242e-01 8.525600433349609375e-01 4.121943712234497070e-01
-3.487246036529541016e-01 -7.842339277267456055e-01 8.693868517875671387e-01 4.321188926696777344e-01
-4.247765541076660156e-01 -7.608126401901245117e-01 8.805071115493774414e-01 4.632189869880676270e-01
-4.979848563671112061e-01 -7.266599535942077637e-01 8.854121565818786621e-01 5.055931806564331055e-01
-5.673505067825317383e-01 -6.827620267868041992e-01 8.840165734291076660e-01 5.573360919952392578e-01
-6.319625377655029297e-01 -6.295152306556701660e-01 8.766678571701049805e-01 6.144307851791381836e-01
-6.909033060073852539e-01 -5.667368173599243164e-01 8.640580773353576660e-01 6.726709604263305664e-01
-7.432231903076171875e-01 -4.947569370269775391e-01 8.469974994659423828e-01 7.270373106002807617e-01
-7.880628705024719238e-01 -4.147068560123443604e-01 8.263658285140991211e-01 7.735713720321655273e-01
-8.246967792510986328e-01 -3.282426595687866211e-01 8.027332425117492676e-01 8.097311258316040039e-01
-8.525910377502441406e-01 -2.365922927856445312e-01 7.769395112991333008e-01 8.340697288513183594e-01
-8.712681531906127930e-01 -1.419031023979187012e-01 7.494981288909912109e-01 8.487190008163452148e-01
-8.805952072143554688e-01 -4.723016545176506042e-02 7.207389473915100098e-01 8.548519611358642578e-01
-8.807077407836914062e-01 4.552710801362991333e-02 6.912097334861755371e-01 8.532207608222961426e-01
-8.718494176864624023e-01 1.347956955432891846e-01 6.614525914192199707e-01 8.456268310546875000e-01
-8.544521331787109375e-01 2.180816531181335449e-01 6.320867538452148438e-01 8.339922428131103516e-01
-8.292452096939086914e-01 2.934309840202331543e-01 6.039477586746215820e-01 8.177568912506103516e-01
-7.970585823059082031e-01 3.604484200477600098e-01 5.779365301132202148e-01 7.967455983161926270e-01
-7.586984634399414062e-01 4.191049039363861084e-01 5.549001693725585938e-01 7.731466293334960938e-01
-7.149928212165832520e-01 4.692458212375640869e-01 5.358434319496154785e-01 7.473675012588500977e-01
-6.667802333831787109e-01 5.122726559638977051e-01 5.214884877204895020e-01 7.186599969863891602e-01
-6.146323084831237793e-01 5.496575832366943359e-01 5.125005245208740234e-01 6.875803470611572266e-01
-5.590739846229553223e-01 5.825816988945007324e-01 5.093931555747985840e-01 6.551069617271423340e-01
-5.004617571830749512e-01 6.121684312820434570e-01 5.124861001968383789e-01 6.221258640289306641e-01
-4.390906691551208496e-01 6.396360993385314941e-01 5.217580795288085938e-01 5.879104137420654297e-01
-3.750889003276824951e-01 6.663162708282470703e-01 5.370710492134094238e-01 5.536208748817443848e-01
-3.084822893142700195e-01 6.925431489944458008e-01 5.581172704696655273e-01 5.208640694618225098e-01
-2.393285930156707764e-01 7.184687256813049316e-01 5.842980146408081055e-01 4.901758432388305664e-01
-1.676355302333831787e-01 7.439910173416137695e-01 6.148737668991088867e-01 4.624149203300476074e-01
-9.347129613161087036e-02 7.681392431259155273e-01 6.488473415374755859e-01 4.380592405796051025e-01
-1.703432761132717133e-02 7.896026372909545898e-01 6.849621534347534180e-01 4.183016419410705566e-01
6.134672090411186218e-02 8.071210384368896484e-01 7.219731807708740234e-01 4.045495986938476562e-01
1.412262916564941406e-01 8.194156289100646973e-01 7.585588693618774414e-01 3.968114852905273438e-01
2.220269441604614258e-01 8.248746395111083984e-01 7.933026552200317383e-01 3.948492407798767090e-01
3.029901683330535889e-01 8.218781352043151855e-01 8.246387243270874023e-01 3.990304470062255859e-01
3.832167983055114746e-01 8.085067272186279297e-01 8.508892059326171875e-01 4.108008146286010742e-01
4.615799188613891602e-01 7.835481166839599609e-01 8.706377744674682617e-01 4.314582347869873047e-01
5.369284749031066895e-01 7.464624047279357910e-01 8.824527859687805176e-01 4.634718894958496094e-01
6.080428957939147949e-01 6.970074176788330078e-01 8.854365944862365723e-01 5.075141191482543945e-01
6.737160086631774902e-01 6.357257962226867676e-01 8.792904615402221680e-01 5.620715618133544922e-01
7.328333258628845215e-01 5.639194250106811523e-01 8.643325567245483398e-01 6.240793466567993164e-01
7.844424843788146973e-01 4.835857450962066650e-01 8.414285182952880859e-01 6.893644928932189941e-01
8.278204202651977539e-01 3.964430987834930420e-01 8.119732141494750977e-01 7.536197304725646973e-01
8.623589277267456055e-01 3.047324419021606445e-01 7.776081562042236328e-01 8.130916357040405273e-01
8.877574801445007324e-01 2.112840861082077026e-01 7.402678132057189941e-01 8.649916648864746094e-01
9.039728045463562012e-01 1.184787303209304810e-01 7.018667459487915039e-01 9.063212871551513672e-01
9.111711978912353516e-01 2.826943062245845795e-02 6.642562150955200195e-01 9.329197406768798828e-01
9.096916913986206055e-01 -5.804408341646194458e-02 6.289798617362976074e-01 9.427795410156250000e-01
8.999592065811157227e-01 -1.392886638641357422e-01 5.972343683242797852e-01 9.360312819480895996e-01
8.825364112854003906e-01 -2.150011360645294189e-01 5.697087645530700684e-01 9.146637916564941406e-01
8.579522371292114258e-01 -2.851551175117492676e-01 5.467697978019714355e-01 8.810896873474121094e-01
8.267626166343688965e-01 -3.488938510417938232e-01 5.285902023315429688e-01 8.388947248458862305e-01
7.896611690521240234e-01 -4.066126346588134766e-01 5.149495601654052734e-01 7.911413908004760742e-01
7.471510171890258789e-01 -4.589321315288543701e-01 5.055255293846130371e-01 7.408924102783203125e-01
6.997762918472290039e-01 -5.064243078231811523e-01 5.000188946723937988e-01 6.906358003616333008e-01
6.479469537734985352e-01 -5.503730773925781250e-01 4.980673193931579590e-01 6.410801410675048828e-01
5.919486284255981445e-01 -5.918645262718200684e-01 4.995629787445068359e-01 5.941059589385986328e-01
5.319761037826538086e-01 -6.306048631668090820e-01 5.044260025024414062e-01 5.509013533592224121e-01
4.683617949485778809e-01 -6.671262979507446289e-01 5.126304030418395996e-01 5.114883184432983398e-01
4.012277126312255859e-01 -7.024955749511718750e-01 5.241286158561706543e-01 4.766528606414794922e-01
3.306708931922912598e-01 -7.369244694709777832e-01 5.390237569808959961e-01 4.470386505126953125e-01
2.567788362503051758e-01 -7.697846293449401855e-01 5.574934482574462891e-01 4.215797185897827148e-01
1.797655820846557617e-01 -8.005156517028808594e-01 5.795728564262390137e-01 4.000533819198608398e-01
9.984288364648818970e-02 -8.279977440834045410e-01 6.050664186477661133e-01 3.810238838195800781e-01
1.742653362452983856e-02 -8.521222472190856934e-01 6.333741545677185059e-01 3.632254302501678467e-01
-6.722068786621093750e-02 -8.720455169677734375e-01 6.637170314788818359e-01 3.466728925704956055e-01
-1.535595953464508057e-01 -8.862309455871582031e-01 6.949146986007690430e-01 3.316047787666320801e-01
-2.409945577383041382e-01 -8.929512500762939453e-01 7.252187728881835938e-01 3.189624547958374023e-01
-3.286693990230560303e-01 -8.901093006134033203e-01 7.523823976516723633e-01 3.130658864974975586e-01
-4.155651032924652100e-01 -8.758485317230224609e-01 7.741836309432983398e-01 3.201641440391540527e-01
-5.004682540893554688e-01 -8.487278223037719727e-01 7.887992858886718750e-01 3.443357348442077637e-01
-5.820697546005249023e-01 -8.087806701660156250e-01 7.947052121162414551e-01 3.881786465644836426e-01
-6.591575145721435547e-01 -7.571097612380981445e-01 7.913478016853332520e-01 4.516686797142028809e-01
-7.306427955627441406e-01 -6.946313381195068359e-01 7.790901660919189453e-01 5.302704572677612305e-01
-7.954976558685302734e-01 -6.221076250076293945e-01 7.591680884361267090e-01 6.156584024429321289e-01
-8.527784347534179688e-01 -5.413324832916259766e-01 7.332633733749389648e-01 6.988961696624755859e-01
-9.017999172210693359e-01 -4.535846114158630371e-01 7.033306360244750977e-01 7.738269567489624023e-01
-9.418909549713134766e-01 -3.601899743080139160e-01 6.711696386337280273e-01 8.360629081726074219e-01
-9.726055860519409180e-01 -2.631801664829254150e-01 6.381937265396118164e-01 8.835818767547607422e-01
-9.936825037002563477e-01 -1.648207604885101318e-01 6.056572198867797852e-01 9.161611199378967285e-01
-1.005112648010253906e+00 -6.735012680292129517e-02 5.747971534729003906e-01 9.351218938827514648e-01
-1.007077336311340332e+00 2.719804085791110992e-02 5.463829040527343750e-01 9.409630298614501953e-01
-9.999639987945556641e-01 1.170663833618164062e-01 5.211329460144042969e-01 9.330783486366271973e-01
-9.842998981475830078e-01 2.013634890317916870e-01 4.995796084403991699e-01 9.128436446189880371e-01
-9.606510400772094727e-01 2.789983153343200684e-01 4.819320440292358398e-01 8.806229233741760254e-01
-9.297477006912231445e-01 3.499227762222290039e-01 4.681402146816253662e-01 8.383274078369140625e-01
-8.921881914138793945e-01 4.134578704833984375e-01 4.579633474349975586e-01 7.901303172111511230e-01
-8.488034009933471680e-01 4.700166583061218262e-01 4.510269165039062500e-01 7.396060824394226074e-01
-8.001545071601867676e-01 5.202629566192626953e-01 4.468893706798553467e-01 6.894118785858154297e-01
-7.468997240066528320e-01 5.638471841812133789e-01 4.454216361045837402e-01 6.417865157127380371e-01
-6.896893978118896484e-01 6.014738082885742188e-01 4.465894103050231934e-01 5.977956056594848633e-01
-6.290469169616699219e-01 6.341902017593383789e-01 4.505215287208557129e-01 5.591798424720764160e-01
-5.654100775718688965e-01 6.634006500244140625e-01 4.573828577995300293e-01 5.258567333221435547e-01
-4.990345239639282227e-01 6.899574995040893555e-01 4.674566388130187988e-01 4.955449700355529785e-01
-4.301767349243164062e-01 7.145937085151672363e-01 4.809558689594268799e-01 4.671076834201812744e-01
-3.589648902416229248e-01 7.378715276718139648e-01 4.981633424758911133e-01 4.401391148567199707e-01
-2.855320572853088379e-01 7.598619461059570312e-01 5.191131830215454102e-01 4.142373204231262207e-01
-2.100000977516174316e-01 7.807477712631225586e-01 5.434770584106445312e-01 3.895570635795593262e-01
-1.324671059846878052e-01 8.006819486618041992e-01 5.707212686538696289e-01 3.670505583286285400e-01
-5.302257835865020752e-02 8.197326660156250000e-01 6.000180244445800781e-01 3.471135497093200684e-01
2.824846655130386353e-02 8.372449278831481934e-01 6.304529309272766113e-01 3.306322395801544189e-01
1.111350432038307190e-01 8.514707088470458984e-01 6.606939435005187988e-01 3.197668194770812988e-01
1.952094733715057373e-01 8.614290356636047363e-01 6.894149780273437500e-01 3.153511881828308105e-01
2.800511717796325684e-01 8.657265901565551758e-01 7.151546478271484375e-01 3.189803957939147949e-01
3.649854660034179688e-01 8.622440099716186523e-01 7.367846965789794922e-01 3.310280442237854004e-01
4.491590261459350586e-01 8.495331406593322754e-01 7.530477643013000488e-01 3.519176840782165527e-01
5.316146612167358398e-01 8.262296915054321289e-01 7.627424597740173340e-01 3.835784792900085449e-01
6.112396121025085449e-01 7.913738489151000977e-01 7.650688886642456055e-01 4.270730614662170410e-01
6.868790388107299805e-01 7.447035312652587891e-01 7.597234249114990234e-01 4.818447232246398926e-01
7.573724389076232910e-01 6.856970787048339844e-01 7.471038103103637695e-01 5.460799932479858398e-01
8.214675188064575195e-01 6.146499514579772949e-01 7.277873754501342773e-01 6.165294647216796875e-01
8.780468106269836426e-01 5.327211618423461914e-01 7.029353380203247070e-01 6.875019073486328125e-01
9.260954856872558594e-01 4.426825046539306641e-01 6.740546822547912598e-01 7.527208328247070312e-01
9.650202989578247070e-01 3.466015458106994629e-01 6.426041722297668457e-01 8.098692893981933594e-01
9.942485094070434570e-01 2.458599060773849487e-01 6.099826693534851074e-01 8.564945459365844727e-01
1.013428807258605957e+00 1.432105898857116699e-01 5.775235891342163086e-01 8.908385634422302246e-01
1.022529006004333496e+00 4.147959128022193909e-02 5.465189218521118164e-01 9.128257036209106445e-01
1.021759152412414551e+00 -5.692981556057929993e-02 5.180631875991821289e-01 9.195472598075866699e-01
1.011555075645446777e+00 -1.501718461513519287e-01 4.930296838283538818e-01 9.092373847961425781e-01
9.924925565719604492e-01 -2.363655269145965576e-01 4.718896150588989258e-01 8.840807080268859863e-01
9.653698205947875977e-01 -3.146094977855682373e-01 4.547237157821655273e-01 8.473438620567321777e-01
9.309566020965576172e-01 -3.846637010574340820e-01 4.413023889064788818e-01 8.030109405517578125e-01
8.900830745697021484e-01 -4.467360377311706543e-01 4.313649237155914307e-01 7.544523477554321289e-01
8.434894084930419922e-01 -5.012434720993041992e-01 4.246957898139953613e-01 7.047495245933532715e-01
7.919124364852905273e-01 -5.486139655113220215e-01 4.210345149040222168e-01 6.566724181175231934e-01
7.360169887542724609e-01 -5.892984867095947266e-01 4.202784001827239990e-01 6.115674972534179688e-01
6.764463186264038086e-01 -6.243237853050231934e-01 4.223520755767822266e-01 5.699410438537597656e-01
6.136751174926757812e-01 -6.548199653625488281e-01 4.273791611194610596e-01 5.314185023307800293e-01
5.481119751930236816e-01 -6.816984415054321289e-01 4.354901313781738281e-01 4.956243336200714111e-01
4.800610244274139404e-01 -7.067904472351074219e-01 4.469167590141296387e-01 4.628288149833679199e-01
4.095785319805145264e-01 -7.312394380569458008e-01 4.618743062019348145e-01 4.340000748634338379e-01
3.367237746715545654e-01 -7.551580071449279785e-01 4.804635941982269287e-01 4.090588092803955078e-01
2.615444660186767578e-01 -7.786172628402709961e-01 5.026923418045043945e-01 3.882637023925781250e-01
1.840852200984954834e-01 -8.016497492790222168e-01 5.286035537719726562e-01 3.709675073623657227e-01
1.043866351246833801e-01 -8.245705366134643555e-01 5.579580068588256836e-01 3.559467494487762451e-01
2.243372239172458649e-02 -8.455048203468322754e-01 5.902789831161499023e-01 3.422546386718750000e-01
-6.139184534549713135e-02 -8.622359633445739746e-01 6.247585415840148926e-01 3.302243351936340332e-01
-1.466317772865295410e-01 -8.737667798995971680e-01 6.601775884628295898e-01 3.210257291793823242e-01
-2.327261865139007568e-01 -8.787522912025451660e-01 6.949993968009948730e-01 3.156655430793762207e-01
-3.189556896686553955e-01 -8.753283619880676270e-01 7.273759841918945312e-01 3.165392875671386719e-01
-4.043962657451629639e-01 -8.618414402008056641e-01 7.551980018615722656e-01 3.256859779357910156e-01
-4.879983365535736084e-01 -8.375359773635864258e-01 7.764521837234497070e-01 3.452523350715637207e-01
-5.686886310577392578e-01 -8.016389608383178711e-01 7.896549701690673828e-01 3.786189854145050049e-01
-6.452765464782714844e-01 -7.542135119438171387e-01 7.936569452285766602e-01 4.285631775856018066e-01
-7.166850566864013672e-01 -6.961795687675476074e-01 7.880162000656127930e-01 4.954173266887664795e-01
-7.819142341613769531e-01 -6.282786130905151367e-01 7.732684612274169922e-01 5.753566622734069824e-01
-8.400291800498962402e-01 -5.515776276588439941e-01 7.507804632186889648e-01 6.619684696197509766e-01
-8.902327418327331543e-01 -4.681203663349151611e-01 7.226303815841674805e-01 7.473567128181457520e-01
-9.319864511489868164e-01 -3.796073198318481445e-01 6.910924315452575684e-01 8.236577510833740234e-01
-9.648428559303283691e-01 -2.878379523754119873e-01 6.584060192108154297e-01 8.851861953735351562e-01
