# Training_Loss,Validation_Loss
4.322080933130704183e-01 3.566089017050607102e-01
3.225914205496127618e-01 2.998387132372175023e-01
2.970853115503604425e-01 2.886899113655090332e-01
2.885301285065137167e-01 2.823757188660757644e-01
2.839887978938909763e-01 2.794757272515978053e-01
2.817445718325101156e-01 2.769544337477002904e-01
2.810045423415991062e-01 2.751376032829284668e-01
2.780466137024072415e-01 2.747522933142526047e-01
2.776172161102294922e-01 2.738084537642342942e-01
2.785769437368099677e-01 2.745774941784994705e-01
2.787301769623389824e-01 2.754925233977181809e-01
2.769239476093879326e-01 2.729698376996176346e-01
2.768167303158686754e-01 2.737010376793997390e-01
2.765160776101626139e-01 2.720963784626552195e-01
2.756232309799928060e-01 2.717067343848092453e-01
2.758204982830927965e-01 2.743320337363651662e-01
2.754465570816627129e-01 2.712724421705518529e-01
2.752839005910433512e-01 2.707137891224452586e-01
2.743560855205242621e-01 2.709363230637141795e-01
2.739552207864247579e-01 2.700573035648891063e-01
2.729676469014241103e-01 2.701026456696646316e-01
2.727789580821990967e-01 2.693805311407361791e-01
2.729261741042137146e-01 2.704137223107473953e-01
2.720996164358578939e-01 2.685168002332959936e-01
2.719140562873620381e-01 2.684137863772256272e-01
2.715311038952607503e-01 2.677900280271257594e-01
2.698966975395495904e-01 2.663173547812870412e-01
2.686990493765243904e-01 2.637402521712439163e-01
2.663389685062261814e-01 2.636211237737110524e-01
2.628926743681614386e-01 2.570606533970151708e-01
2.571000634477688673e-01 2.506296826260430710e-01
2.484429765206117025e-01 2.421592537845884130e-01
2.371927998386896552e-01 2.291722106082098864e-01
2.232493041799618605e-01 2.143357353551047229e-01
2.109127824123089023e-01 2.049371983323778346e-01
2.040019986721185452e-01 2.001413639102663233e-01
2.001704229758335951e-01 1.980919433491570569e-01
1.978138685226440430e-01 1.959494671651295372e-01
1.963197439908981323e-01 1.937864103487559608e-01
1.945320619986607436e-01 1.926726358277457141e-01
1.934132919861720201e-01 1.910055960927690699e-01
1.919797515639891927e-01 1.900166485990796850e-01
1.910929049436862759e-01 1.894797086715698242e-01
1.901793055809461175e-01 1.883467308112553307e-01
1.899211796430441135e-01 1.877004014594214343e-01
1.887669889972760084e-01 1.869696314845766261e-01
1.882518529891967773e-01 1.866294294595718384e-01
1.877587294349303548e-01 1.869909188577107140e-01
1.875991087693434367e-01 1.857507654598780922e-01
1.875255531989611091e-01 1.868840732744761757e-01
1.871876252385286099e-01 1.852254037346158788e-01
1.863743800383347859e-01 1.850373170205525108e-01
1.863298845978883511e-01 1.850368508270808510e-01
1.862166793300555345e-01 1.851293636219842054e-01
1.859138504816935655e-01 1.851066606385367297e-01
1.857765139295504686e-01 1.843810145344053075e-01
1.855458003970292813e-01 1.843478360346385292e-01
1.854206919670104980e-01 1.844537726470402428e-01
1.853904185386804349e-01 1.843032773051943018e-01
1.853833628388551480e-01 1.840891156877790258e-01
1.851962862106469876e-01 1.848720950739724256e-01
1.855680919610536994e-01 1.846455207892826744e-01
1.852826877282215956e-01 1.840928005320685290e-01
1.853590848354192966e-01 1.837601172072546862e-01
1.849256123487766079e-01 1.835811138153076172e-01
1.847725206842789347e-01 1.836330443620681763e-01
1.848520246835855252e-01 1.835696590798241712e-01
1.848502342517559238e-01 1.837066092661448768e-01
1.847036933669677083e-01 1.835395608629499242e-01
1.845607264683796767e-01 1.839292411293302343e-01
1.846946030855178833e-01 1.837624034711292931e-01
1.845313075643319478e-01 1.835924280541283704e-01
1.844181647667517965e-01 1.836676001548767090e-01
1.847612892205898472e-01 1.837049701384135536e-01
1.846629444223183980e-01 1.831833528620856189e-01
1.843271587903682895e-01 1.835905185767582604e-01
1.846100682249436076e-01 1.837456119912011243e-01
1.843777751693358724e-01 1.831867801291602038e-01
1.844446991498653599e-01 1.830321188483919337e-01
1.843254761053965685e-01 1.844623301710401342e-01
1.844882518053054810e-01 1.837255976029804894e-01
1.844922974705696106e-01 1.838641464710235596e-01
1.843921771416297262e-01 1.839589221136910535e-01
1.842580655446419413e-01 1.830335216862814807e-01
1.840568035840988159e-01 1.831589319876262001e-01
1.843466007938751872e-01 1.834005990198680214e-01
1.843706157345038066e-01 1.841561879430498316e-01
1.844289812904137960e-01 1.831548831292561241e-01
1.841422674747613675e-01 1.832390214715685084e-01
1.841224936338571316e-01 1.831864693335124306e-01
1.847949979396966702e-01 1.841939815453120521e-01
1.844703446214015774e-01 1.827987155744007775e-01
1.840673524599809041e-01 1.833479723760060021e-01
1.842246634455827481e-01 1.831898944718497180e-01
1.843933629301878208e-01 1.838233662503106214e-01
1.841355332961449320e-01 1.833166948386601158e-01
1.842091639454548069e-01 1.836879913296018407e-01
1.839518312078256002e-01 1.834915344204221532e-01
1.838421156773200338e-01 1.828234940767288208e-01
1.838592004317503581e-01 1.836003682443073937e-01
1.842310411425737149e-01 1.843015913452420995e-01
1.841645699280958781e-01 1.831263580492564491e-01
1.841751394363549954e-01 1.834009460040501305e-01
1.839942725805135959e-01 1.827942281961441040e-01
1.839806076425772319e-01 1.829224143709455297e-01
1.839100202688803976e-01 1.828026792832783409e-01
1.841292020220022807e-01 1.828681315694536402e-01
1.838514162943913344e-01 1.827500207083565809e-01
1.840263358675516547e-01 1.831362545490264893e-01
1.842364261929805569e-01 1.834448001214436241e-01
1.840761510225442654e-01 1.827385106257029823e-01
1.839796333358837965e-01 1.825967835528509997e-01
1.837024310460457499e-01 1.825866933379854395e-01
1.838010635513525615e-01 1.833623349666595459e-01
1.837657970877794034e-01 1.827760828392846204e-01
1.836508718820718533e-01 1.828961712973458387e-01
1.839046317797440877e-01 1.829653105565479942e-01
1.839750449244792752e-01 1.829491640840257838e-01
1.845043697036229668e-01 1.833768614700862221e-01
1.838342008682397610e-01 1.826657184532710365e-01
1.837651626421855089e-01 1.827068903616496376e-01
1.845123733465488247e-01 1.840261220932006836e-01
1.845542421707740133e-01 1.843661687203816124e-01
1.839055848809388882e-01 1.825098118611744591e-01
1.837469419607749288e-01 1.826787186520440198e-01
1.839030178693624729e-01 1.830535339457648181e-01
1.835524457005354160e-01 1.827916758401053332e-01
1.835682288958476183e-01 1.825786232948303223e-01
1.837187930941581726e-01 1.826742483036858655e-01
1.839497673970002523e-01 1.825790064675467395e-01
1.837900183521784248e-01 1.829933524131774902e-01
1.837698077926268880e-01 1.830813480275017835e-01
1.836887408907596775e-01 1.830043345689773560e-01
1.838296256386316718e-01 1.826991332428795911e-01
1.839614327137286953e-01 1.831391198294503309e-01
1.837262688921048048e-01 1.825455107859202675e-01
1.838206740526052707e-01 1.831606690372739599e-01
1.837522616753211324e-01 1.830142395836966418e-01
1.837506964802742004e-01 1.825929816280092433e-01
1.836823775218083266e-01 1.825016481535775281e-01
1.837245122744486925e-01 1.826984158584049889e-01
1.837208826954548069e-01 1.826044278485434436e-01
1.837338478519366380e-01 1.825820633343287758e-01
1.836915864394261244e-01 1.827638468572071739e-01
1.838343607691618198e-01 1.825219520500727943e-01
1.838913462482965888e-01 1.837718976395470716e-01
1.836339647953326992e-01 1.826497805970055677e-01
1.836397401415384711e-01 1.828832519905907728e-01
1.838760524988174438e-01 1.827291654688971423e-01
1.840813366266397244e-01 1.828488473381315038e-01
1.839409837355980570e-01 1.829366534948348999e-01
1.838667937196218072e-01 1.831864586898258873e-01
1.836033767232528036e-01 1.826068354504448987e-01
1.835171568852204671e-01 1.826463788747787476e-01
1.835340599601085476e-01 1.825371150459562108e-01
1.836397877106299703e-01 1.830325935568128393e-01
1.837117637579257778e-01 1.823658283267702296e-01
1.835520938038825989e-01 1.830083621399743177e-01
1.836994714461840095e-01 1.830258901630129054e-01
1.836934892030862576e-01 1.827119886875152588e-01
1.837908602677858771e-01 1.829020168100084498e-01
1.836534360280403788e-01 1.826009920665196129e-01
1.834850380053887065e-01 1.828911496060235120e-01
1.837470726324961778e-01 1.828035712242126465e-01
1.835841542253127401e-01 1.826468514544623278e-01
1.835012951722511942e-01 1.823746263980865479e-01
1.835053586042844354e-01 1.824155726603099159e-01
1.838105916976928711e-01 1.832973808050155640e-01
1.838662337798338542e-01 1.829993086201804064e-01
1.838278088432092061e-01 1.831023224762507728e-01
1.837711924543747599e-01 1.827135916267122462e-01
1.834817196314151577e-01 1.823429273707526110e-01
1.833782551380304104e-01 1.823834116969789698e-01
1.835499755465067329e-01 1.826813135828290746e-01
1.834173976228787306e-01 1.824778893164225868e-01
1.834387853741645813e-01 1.828330329486302086e-01
1.835622879175039524e-01 1.823951069797788427e-01
1.836336329579353333e-01 1.826722685779844091e-01
1.835796850231977695e-01 1.824922817093985461e-01
1.835937866797814066e-01 1.825314547334398463e-01
1.835515367297025913e-01 1.830550347055707738e-01
1.836082963989331129e-01 1.828264147043228149e-01
1.835157412749070516e-01 1.827460953167506508e-01
1.836299982208471904e-01 1.829867043665477089e-01
1.836650383013945231e-01 1.823629971061433985e-01
1.836313456296920776e-01 1.832035886389868640e-01
1.834341356387505229e-01 1.824081093072891235e-01
1.835935121545424764e-01 1.822960994073322960e-01
1.833200380206108093e-01 1.824325216667992688e-01
1.834559985078298150e-01 1.827031522989273071e-01
1.836302675879918633e-01 1.824880540370941162e-01
1.836550854719602166e-01 1.826761258499962903e-01
1.836050960880059590e-01 1.827286205121449181e-01
1.836387841747357252e-01 1.827254848820822619e-01
1.834491405349511495e-01 1.824556035654885389e-01
1.834812078338403096e-01 1.828451028891972252e-01
1.838458994260201151e-01 1.826350369623729042e-01
1.834892332553863525e-01 1.824264888252530858e-01
1.833408618202576335e-01 1.824284281049455836e-01
1.834493090326969333e-01 1.827070542744227699e-01
