1.000000014901161194e-01 0.000000000000000000e+00 0.000000000000000000e+00
1.039544492959976196e-01 5.023268982768058777e-02 4.730552900582551956e-03
1.132183149456977844e-01 1.000400334596633911e-01 8.374936878681182861e-03
1.276321560144424438e-01 1.489440202713012695e-01 1.097914576530456543e-02
1.470080763101577759e-01 1.968768090009689331e-01 1.262392662465572357e-02
1.711677908897399902e-01 2.440272569656372070e-01 1.343958824872970581e-02
1.999646872282028198e-01 2.906904816627502441e-01 1.359340921044349670e-02
2.332920283079147339e-01 3.371508717536926270e-01 1.326225325465202332e-02
2.710794806480407715e-01 3.836002349853515625e-01 1.260541658848524094e-02
3.132801651954650879e-01 4.300783872604370117e-01 1.174753252416849136e-02
3.598503470420837402e-01 4.764232337474822998e-01 1.077375467866659164e-02
4.107242226600646973e-01 5.222241878509521484e-01 9.734027087688446045e-03
4.657849073410034180e-01 5.667803287506103516e-01 8.651511743664741516e-03
5.248327851295471191e-01 6.090675592422485352e-01 7.530859671533107758e-03
5.875518918037414551e-01 6.477202773094177246e-01 6.363968364894390106e-03
6.534746289253234863e-01 6.810330748558044434e-01 5.132688209414482117e-03
7.219464182853698730e-01 7.069889903068542480e-01 3.809730987995862961e-03
7.920935750007629395e-01 7.233232855796813965e-01 2.359769307076931000e-03
8.627999424934387207e-01 7.276352643966674805e-01 7.425732910633087158e-04
9.327006936073303223e-01 7.175607681274414062e-01 -1.080752932466566563e-03
1.000201821327209473e+00 6.910153627395629883e-01 -3.138312138617038727e-03
1.063533425331115723e+00 6.465033888816833496e-01 -5.435438826680183411e-03
1.120839357376098633e+00 5.834643840789794922e-01 -7.941986434161663055e-03
1.170300483703613281e+00 5.025932192802429199e-01 -1.058269198983907700e-02
1.210281014442443848e+00 4.060342013835906982e-01 -1.323622930794954300e-02
1.239480733871459961e+00 2.973472476005554199e-01 -1.574656367301940918e-02
1.257066369056701660e+00 1.812053918838500977e-01 -1.794379577040672302e-02
1.262758135795593262e+00 6.288652867078781128e-02 -1.966659724712371826e-02
1.256851315498352051e+00 -5.231446772813796997e-02 -2.078005112707614899e-02
1.240168929100036621e+00 -1.596362888813018799e-01 -2.118905819952487946e-02
1.213953375816345215e+00 -2.552893757820129395e-01 -2.084985375404357910e-02
1.179716944694519043e+00 -3.367318212985992432e-01 -1.977960579097270966e-02
1.139080524444580078e+00 -4.027481675148010254e-01 -1.805972307920455933e-02
1.093631625175476074e+00 -4.533297717571258545e-01 -1.582839526236057281e-02
1.044824004173278809e+00 -4.894029796123504639e-01 -1.326225418597459793e-02
9.939254522323608398e-01 -5.124881863594055176e-01 -1.055190712213516235e-02
9.420059323310852051e-01 -5.243741869926452637e-01 -7.878207601606845856e-03
8.899516463279724121e-01 -5.268635153770446777e-01 -5.394262261688709259e-03
8.384906649589538574e-01 -5.216100215911865234e-01 -3.215149976313114166e-03
7.882202267646789551e-01 -5.100411176681518555e-01 -1.415121369063854218e-03
7.396308779716491699e-01 -4.933421313762664795e-01 -3.032758831977844238e-05
6.931255459785461426e-01 -4.724780619144439697e-01 9.349751635454595089e-04
6.490340828895568848e-01 -4.482307732105255127e-01 1.500754384323954582e-03
6.076245903968811035e-01 -4.212371110916137695e-01 1.703402958810329437e-03
5.691127777099609375e-01 -3.920204937458038330e-01 1.589023042470216751e-03
5.336699485778808594e-01 -3.610139191150665283e-01 1.207775669172406197e-03
5.014303922653198242e-01 -3.285754919052124023e-01 6.097595323808491230e-04
4.724982380867004395e-01 -2.949985265731811523e-01 -1.578872906975448132e-04
4.469536542892456055e-01 -2.605186998844146729e-01 -1.052805921062827110e-03
4.248586297035217285e-01 -2.253195643424987793e-01 -2.038414590060710907e-03
4.062619805335998535e-01 -1.895376294851303101e-01 -3.084214404225349426e-03
3.912039101123809814e-01 -1.532674133777618408e-01 -4.165761172771453857e-03
3.797197043895721436e-01 -1.165668070316314697e-01 -5.264255683869123459e-03
3.718430995941162109e-01 -7.946282625198364258e-02 -6.365985143929719925e-03
3.676086068153381348e-01 -4.195765405893325806e-02 -7.461678702384233475e-03
3.670535385608673096e-01 -4.035353660583496094e-03 -8.545761927962303162e-03
3.702192008495330811e-01 3.433092311024665833e-02 -9.615691378712654114e-03
3.771513104438781738e-01 7.317088544368743896e-02 -1.067116949707269669e-02
3.878996372222900391e-01 1.125079691410064697e-01 -1.171347778290510178e-02
4.025166928768157959e-01 1.523488909006118774e-01 -1.274469122290611267e-02
4.210553765296936035e-01 1.926716268062591553e-01 -1.376697327941656113e-02
4.435652494430541992e-01 2.334116250276565552e-01 -1.478182896971702576e-02
4.700874090194702148e-01 2.744460105895996094e-01 -1.578931696712970734e-02
5.006477236747741699e-01 3.155756890773773193e-01 -1.678734272718429565e-02
5.352478027343750000e-01 3.565053641796112061e-01 -1.777099445462226868e-02
5.738540887832641602e-01 3.968216180801391602e-01 -1.873207651078701019e-02
6.163839101791381836e-01 4.359690546989440918e-01 -1.965889148414134979e-02
6.626886725425720215e-01 4.732250273227691650e-01 -2.053643390536308289e-02
7.125334739685058594e-01 5.076736807823181152e-01 -2.134703472256660461e-02
7.655733823776245117e-01 5.381814241409301758e-01 -2.207145839929580688e-02
8.213259577751159668e-01 5.633784532546997070e-01 -2.269044704735279083e-02
8.791425228118896484e-01 5.816560983657836914e-01 -2.318622730672359467e-02
9.381812810897827148e-01 5.911958217620849609e-01 -2.354389615356922150e-02
9.973889589309692383e-01 5.900520086288452148e-01 -2.375209331512451172e-02
1.055499315261840820e+00 5.763113498687744141e-01 -2.380291558802127838e-02
1.111059188842773438e+00 5.483381748199462891e-01 -2.369064651429653168e-02
1.162489056587219238e+00 5.050860047340393066e-01 -2.340974844992160797e-02
1.208179354667663574e+00 4.464181065559387207e-01 -2.295284159481525421e-02
1.246614217758178711e+00 3.733500242233276367e-01 -2.230996638536453247e-02
1.276505112648010254e+00 2.881279587745666504e-01 -2.147019840776920319e-02
1.296910881996154785e+00 1.940938532352447510e-01 -2.042561583220958710e-02
1.307321906089782715e+00 9.534911066293716431e-02 -1.917636394500732422e-02
1.307693123817443848e+00 -3.711663186550140381e-03 -1.773505285382270813e-02
1.298422336578369141e+00 -9.889193624258041382e-02 -1.612918078899383545e-02
1.280282974243164062e+00 -1.866082251071929932e-01 -1.440080255270004272e-02
1.254327058792114258e+00 -2.641623318195343018e-01 -1.260368898510932922e-02
1.221777319908142090e+00 -3.298495709896087646e-01 -1.079826988279819489e-02
1.183925867080688477e+00 -3.829229772090911865e-01 -9.045390412211418152e-03
1.142048478126525879e+00 -4.234563410282135010e-01 -7.400089409202337265e-03
1.097341299057006836e+00 -4.521532654762268066e-01 -5.906598642468452454e-03
1.050878882408142090e+00 -4.701426923274993896e-01 -4.595334175974130630e-03
1.003592610359191895e+00 -4.787893295288085938e-01 -3.482121042907238007e-03
9.562644958496093750e-01 -4.795363545417785645e-01 -2.569318749010562897e-03
9.095332622528076172e-01 -4.737878739833831787e-01 -1.848269719630479813e-03
8.639073967933654785e-01 -4.628313481807708740e-01 -1.302413176745176315e-03
8.197823762893676758e-01 -4.477955102920532227e-01 -9.103909833356738091e-04
7.774590253829956055e-01 -4.296356737613677979e-01 -6.487710634246468544e-04
7.371608018875122070e-01 -4.091380238533020020e-01 -4.942522500641644001e-04
6.990495324134826660e-01 -3.869350552558898926e-01 -4.251798964105546474e-04
6.632388234138488770e-01 -3.635258972644805908e-01 -4.224306321702897549e-04
6.298049688339233398e-01 -3.392976224422454834e-01 -4.698680713772773743e-04
5.987962484359741211e-01 -3.145445883274078369e-01 -5.544113810174167156e-04
5.702401995658874512e-01 -2.894854545593261719e-01 -6.658346974290907383e-04
5.441495180130004883e-01 -2.642769217491149902e-01 -7.964539690874516964e-04
5.205270051956176758e-01 -2.390250265598297119e-01 -9.407053585164248943e-04
4.993696212768554688e-01 -2.137941122055053711e-01 -1.094793202355504036e-03
4.806716442108154297e-01 -1.886139959096908569e-01 -1.256238669157028198e-03
4.644276499748229980e-01 -1.634858846664428711e-01 -1.423616893589496613e-03
4.506346583366394043e-01 -1.383871138095855713e-01 -1.596190966665744781e-03
4.392940998077392578e-01 -1.132754012942314148e-01 -1.773718278855085373e-03
4.304134249687194824e-01 -8.809253573417663574e-02 -1.956242369487881660e-03
4.240072965621948242e-01 -6.276766210794448853e-02 -2.143978141248226166e-03
4.200985729694366455e-01 -3.722063452005386353e-02 -2.337176818400621414e-03
4.187189936637878418e-01 -1.136529259383678436e-02 -2.536082407459616661e-03
4.199094772338867188e-01 1.488704606890678406e-02 -2.740880474448204041e-03
4.237199723720550537e-01 4.162369668483734131e-02 -2.951649017632007599e-03
4.302091598510742188e-01 6.892627477645874023e-02 -3.168386640027165413e-03
4.394434392452239990e-01 9.686563163995742798e-02 -3.391003236174583435e-03
4.514953494071960449e-01 1.254959404468536377e-01 -3.619346069172024727e-03
4.664414823055267334e-01 1.548475921154022217e-01 -3.853238420560956001e-03
4.843593835830688477e-01 1.849190890789031982e-01 -4.092510789632797241e-03
5.053236484527587891e-01 2.156673520803451538e-01 -4.337058402597904205e-03
5.294006466865539551e-01 2.469965070486068726e-01 -4.586861468851566315e-03
5.566421151161193848e-01 2.787452042102813721e-01 -4.842055961489677429e-03
5.870771408081054688e-01 3.106719255447387695e-01 -5.102939438074827194e-03
6.207022070884704590e-01 3.424389362335205078e-01 -5.369939375668764114e-03
6.574694514274597168e-01 3.735944032669067383e-01 -5.643525626510381699e-03
6.972726583480834961e-01 4.035536348819732666e-01 -5.923978518694639206e-03
7.399311661720275879e-01 4.315805435180664062e-01 -6.211148574948310852e-03
7.851718068122863770e-01 4.567718803882598877e-01 -6.504030898213386536e-03
8.326101303100585938e-01 4.780489504337310791e-01 -6.800421513617038727e-03
8.817321062088012695e-01 4.941642284393310547e-01 -7.096629124134778976e-03
9.318792819976806641e-01 5.037326812744140625e-01 -7.387569639831781387e-03
9.822412729263305664e-01 5.052991509437561035e-01 -7.667243946343660355e-03
1.031859517097473145e+00 4.974494874477386475e-01 -7.929530926048755646e-03
1.079647898674011230e+00 4.789665043354034424e-01 -8.169225417077541351e-03
1.124431848526000977e+00 4.490174651145935059e-01 -8.382780477404594421e-03
1.165008425712585449e+00 4.073459506034851074e-01 -8.568486198782920837e-03
1.200222253799438477e+00 3.544269204139709473e-01 -8.726052939891815186e-03
1.229050159454345703e+00 2.915427982807159424e-01 -8.855843916535377502e-03
1.250683307647705078e+00 2.207485437393188477e-01 -8.958179503679275513e-03
1.264592051506042480e+00 1.447181701660156250e-01 -9.032969363033771515e-03
1.270565629005432129e+00 6.649588793516159058e-02 -9.079837240278720856e-03
1.268718361854553223e+00 -1.080173999071121216e-02 -9.098524227738380432e-03
1.259465217590332031e+00 -8.427558839321136475e-02 -9.089464321732521057e-03
1.243472218513488770e+00 -1.514763236045837402e-01 -9.054321795701980591e-03
1.221591353416442871e+00 -2.105507999658584595e-01 -8.996190503239631653e-03
1.194791078567504883e+00 -2.602957487106323242e-01 -8.919532410800457001e-03
1.164090752601623535e+00 -3.001320362091064453e-01 -8.829726837575435638e-03
1.130504608154296875e+00 -3.300227522850036621e-01 -8.732534013688564301e-03
1.094998836517333984e+00 -3.503602445125579834e-01 -8.633454330265522003e-03
1.058461666107177734e+00 -3.618439733982086182e-01 -8.537320420145988464e-03
1.021685957908630371e+00 -3.653644919395446777e-01 -8.448065258562564850e-03
9.853615164756774902e-01 -3.619042038917541504e-01 -8.368685841560363770e-03
9.500756263732910156e-01 -3.524583578109741211e-01 -8.301391266286373138e-03
9.163187146186828613e-01 -3.379781246185302734e-01 -8.247702382504940033e-03
8.844935894012451172e-01 -3.193335235118865967e-01 -8.208666928112506866e-03
8.549266457557678223e-01 -2.972933053970336914e-01 -8.184948936104774475e-03
8.278791308403015137e-01 -2.725179493427276611e-01 -8.176901377737522125e-03
8.035582304000854492e-01 -2.455622255802154541e-01 -8.184666745364665985e-03
7.821269631385803223e-01 -2.168836295604705811e-01 -8.208130486309528351e-03
7.637128829956054688e-01 -1.868546754121780396e-01 -8.246995508670806885e-03
7.484150528907775879e-01 -1.557767242193222046e-01 -8.300726301968097687e-03
7.363096475601196289e-01 -1.238942742347717285e-01 -8.368629962205886841e-03
7.274541258811950684e-01 -9.140923619270324707e-02 -8.449888788163661957e-03
7.218899130821228027e-01 -5.849462747573852539e-02 -8.543577045202255249e-03
7.196439504623413086e-01 -2.530783414840698242e-02 -8.648775517940521240e-03
7.207285165786743164e-01 7.996626198291778564e-03 -8.764551021158695221e-03
7.251403927803039551e-01 4.125465825200080872e-02 -8.890110999345779419e-03
7.328583598136901855e-01 7.428040355443954468e-02 -9.024802595376968384e-03
7.438396215438842773e-01 1.068543791770935059e-01 -9.168148972094058990e-03
7.580150961875915527e-01 1.387120187282562256e-01 -9.319858625531196594e-03
7.752835750579833984e-01 1.695329844951629639e-01 -9.479789994657039642e-03
7.955050468444824219e-01 1.989320516586303711e-01 -9.647911414504051208e-03
8.184931278228759766e-01 2.264522165060043335e-01 -9.824194014072418213e-03
8.440074324607849121e-01 2.515617311000823975e-01 -1.000850368291139603e-02
8.717460632324218750e-01 2.736567258834838867e-01 -1.020054146647453308e-02
9.013392329216003418e-01 2.920714020729064941e-01 -1.039975602179765701e-02
9.323450326919555664e-01 3.060983717441558838e-01 -1.060538832098245621e-02
9.642484188079833984e-01 3.150204420089721680e-01 -1.081655733287334442e-02
9.964647293090820312e-01 3.181551694869995117e-01 -1.103246025741100311e-02
1.028348922729492188e+00 3.149107694625854492e-01 -1.125255692750215530e-02
1.059211254119873047e+00 3.048501312732696533e-01 -1.147677469998598099e-02
1.088339686393737793e+00 2.877566218376159668e-01 -1.170549448579549789e-02
1.115028381347656250e+00 2.636926770210266113e-01 -1.193941105157136917e-02
1.138610482215881348e+00 2.330412119626998901e-01 -1.217920891940593719e-02
1.158492803573608398e+00 1.965203881263732910e-01 -1.242512557655572891e-02
1.174188017845153809e+00 1.551651507616043091e-01 -1.267641130834817886e-02
1.185342431068420410e+00 1.102747023105621338e-01 -1.293106283992528915e-02
1.191754221916198730e+00 6.333018839359283447e-02 -1.318566594272851944e-02
1.193381905555725098e+00 1.589358970522880554e-02 -1.343553047627210617e-02
1.190340876579284668e+00 -3.049918264150619507e-02 -1.367507409304380417e-02
1.182890415191650391e+00 -7.443638145923614502e-02 -1.389835122972726822e-02
1.171411871910095215e+00 -1.147090196609497070e-01 -1.409965287894010544e-02
1.156381845474243164e+00 -1.503626406192779541e-01 -1.427406910806894302e-02
1.138343334197998047e+00 -1.807209253311157227e-01 -1.441791374236345291e-02
1.117877364158630371e+00 -2.053834199905395508e-01 -1.452892925590276718e-02
1.095577001571655273e+00 -2.242029458284378052e-01 -1.460637338459491730e-02
1.072025299072265625e+00 -2.372491359710693359e-01 -1.465096510946750641e-02
1.047778606414794922e+00 -2.447646111249923706e-01 -1.466465648263692856e-02
1.023353576660156250e+00 -2.471195757389068604e-01 -1.465041656047105789e-02
9.992191791534423828e-01 -2.447689920663833618e-01 -1.461195666342973709e-02
9.757926464080810547e-01 -2.382146716117858887e-01 -1.455344352871179581e-02
9.534381031990051270e-01 -2.279748022556304932e-01 -1.447927020490169525e-02
9.324677586555480957e-01 -2.145603001117706299e-01 -1.439384743571281433e-02
9.131445884704589844e-01 -1.984584480524063110e-01 -1.430143881589174271e-02
8.956861495971679688e-01 -1.801228225231170654e-01 -1.420602016150951385e-02
8.802685737609863281e-01 -1.599684208631515503e-01 -1.411116961389780045e-02
8.670307397842407227e-01 -1.383710205554962158e-01 -1.402004435658454895e-02
8.560780286788940430e-01 -1.156695932149887085e-01 -1.393535919487476349e-02
8.474857211112976074e-01 -9.217082709074020386e-02 -1.385936979204416275e-02
8.413016200065612793e-01 -6.815513968467712402e-02 -1.379390712827444077e-02
8.375480175018310547e-01 -4.388329386711120605e-02 -1.374039705842733383e-02
8.362228870391845703e-01 -1.960347034037113190e-02 -1.369999255985021591e-02
8.373003602027893066e-01 4.441976547241210938e-03 -1.367351040244102478e-02
8.407307863235473633e-01 2.801021002233028412e-02 -1.366156525909900665e-02
8.464398384094238281e-01 5.085240304470062256e-02 -1.366458833217620850e-02
8.543276190757751465e-01 7.270928472280502319e-02 -1.368283480405807495e-02
8.642670512199401855e-01 9.330829232931137085e-02 -1.371644251048564911e-02
8.761024475097656250e-01 1.123624444007873535e-01 -1.376540865749120712e-02
8.896482586860656738e-01 1.295715719461441040e-01 -1.382962334901094437e-02
9.046878814697265625e-01 1.446260064840316772e-01 -1.390887424349784851e-02
9.209734797477722168e-01 1.572133600711822510e-01 -1.400283630937337875e-02
9.382267594337463379e-01 1.670282036066055298e-01 -1.411105971783399582e-02
9.561406970024108887e-01 1.737849414348602295e-01 -1.423300243914127350e-02
9.743834137916564941e-01 1.772332787513732910e-01 -1.436806563287973404e-02
9.926031231880187988e-01 1.771755665540695190e-01 -1.451551076024770737e-02
1.010435581207275391e+00 1.734848618507385254e-01 -1.467451825737953186e-02
1.027512550354003906e+00 1.661221534013748169e-01 -1.484413724392652512e-02
1.043472528457641602e+00 1.551507413387298584e-01 -1.502319332212209702e-02
1.057971835136413574e+00 1.407461613416671753e-01 -1.521025970578193665e-02
1.070696234703063965e+00 1.231994107365608215e-01 -1.540352031588554382e-02
1.081372261047363281e+00 1.029129326343536377e-01 -1.560072321444749832e-02
1.089777231216430664e+00 8.038834482431411743e-02 -1.579906977713108063e-02
1.095747232437133789e+00 5.620681494474411011e-02 -1.599529199302196503e-02
1.099182724952697754e+00 3.100331313908100128e-02 -1.618563383817672729e-02
1.100050687789916992e+00 5.436988547444343567e-03 -1.636599749326705933e-02
1.098384022712707520e+00 -1.983953081071376801e-02 -1.653212308883666992e-02
1.094277501106262207e+00 -4.420941323041915894e-02 -1.667978428304195404e-02
1.087881803512573242e+00 -6.711687892675399780e-02 -1.680503971874713898e-02
1.079395055770874023e+00 -8.808682858943939209e-02 -1.690444909036159515e-02
1.069053292274475098e+00 -1.067378520965576172e-01 -1.697525009512901306e-02
1.057120084762573242e+00 -1.227882131934165955e-01 -1.701551117002964020e-02
1.043876647949218750e+00 -1.360556632280349731e-01 -1.702421344816684723e-02
1.029612421989440918e+00 -1.464518308639526367e-01 -1.700124703347682953e-02
1.014616131782531738e+00 -1.539726108312606812e-01 -1.694738492369651794e-02
9.991691112518310547e-01 -1.586859673261642456e-01 -1.686419360339641571e-02
9.835391044616699219e-01 -1.607183814048767090e-01 -1.675395295023918152e-02
9.679760932922363281e-01 -1.602410823106765747e-01 -1.661945134401321411e-02
9.527090191841125488e-01 -1.574571430683135986e-01 -1.646392233669757843e-02
9.379439949989318848e-01 -1.525898128747940063e-01 -1.629082486033439636e-02
9.238632917404174805e-01 -1.458726525306701660e-01 -1.610376872122287750e-02
9.106252789497375488e-01 -1.375415921211242676e-01 -1.590634323656558990e-02
8.983649611473083496e-01 -1.278287917375564575e-01 -1.570207811892032623e-02
8.871946930885314941e-01 -1.169583648443222046e-01 -1.549433544278144836e-02
8.772056102752685547e-01 -1.051436662673950195e-01 -1.528621837496757507e-02
