1.000000014901161194e-01 0.000000000000000000e+00 0.000000000000000000e+00
1.023981198668479919e-01 4.601714760065078735e-02 -4.541904106736183167e-02
1.090599671006202698e-01 8.484234660863876343e-02 -1.319950968027114868e-01
1.190927103161811829e-01 1.303677856922149658e-01 6.646360456943511963e-02
1.345189064741134644e-01 1.867778003215789795e-01 1.175553649663925171e-01
1.556993871927261353e-01 2.448637038469314575e-01 1.141859740018844604e-01
1.825462728738784790e-01 2.940440177917480469e-01 -4.429818689823150635e-02
2.134564965963363647e-01 3.373443484306335449e-01 -2.916687726974487305e-02
2.486923933029174805e-01 3.823150396347045898e-01 -1.314091030508279800e-02
2.884197235107421875e-01 4.322048127651214600e-01 6.331679970026016235e-02
3.334036469459533691e-01 4.813147485256195068e-01 -9.438462555408477783e-03
3.828445374965667725e-01 5.243174433708190918e-01 -5.854529887437820435e-02
4.362448751926422119e-01 5.666718482971191406e-01 -1.926610991358757019e-02
4.939391314983367920e-01 6.041789054870605469e-01 -1.151262298226356506e-01
5.547686219215393066e-01 6.356619596481323242e-01 -1.104837357997894287e-01
6.185777187347412109e-01 6.670820713043212891e-01 -5.504571273922920227e-02
6.855382919311523438e-01 6.979503035545349121e-01 -2.115516364574432373e-02
7.554106712341308594e-01 7.209492325782775879e-01 -7.082320004701614380e-02
8.269265890121459961e-01 7.298437356948852539e-01 -1.304153800010681152e-01
8.985500931739807129e-01 7.247509956359863281e-01 -1.388595998287200928e-01
9.690433144569396973e-01 7.103161811828613281e-01 -6.028734520077705383e-02
1.037793874740600586e+00 6.743276715278625488e-01 -2.333971858024597168e-01
1.101377367973327637e+00 6.158152818679809570e-01 -1.927122026681900024e-01
1.158557891845703125e+00 5.441522598266601562e-01 -1.375163048505783081e-01
1.208096385002136230e+00 4.572525024414062500e-01 -1.343482285737991333e-01
1.248282313346862793e+00 3.499349355697631836e-01 -2.094402015209197998e-01
1.276841759681701660e+00 2.345237433910369873e-01 -4.884329438209533691e-02
1.294290304183959961e+00 1.219939142465591431e-01 5.173990875482559204e-02
1.300817012786865234e+00 -6.857737898826599121e-04 -1.162684187293052673e-01
1.294359087944030762e+00 -1.260603964328765869e-01 -2.357278764247894287e-02
1.276171684265136719e+00 -2.375421822071075439e-01 6.886035948991775513e-02
1.247838020324707031e+00 -3.379273414611816406e-01 3.570485115051269531e-02
1.210016369819641113e+00 -4.391702413558959961e-01 -1.738596856594085693e-01
1.161916494369506836e+00 -5.269380807876586914e-01 -2.656228840351104736e-02
1.106681585311889648e+00 -5.995879769325256348e-01 -1.595318168401718140e-01
1.044465541839599609e+00 -6.602288484573364258e-01 -1.247649416327476501e-01
9.772376418113708496e-01 -6.954799294471740723e-01 3.716091811656951904e-02
9.080234766006469727e-01 -7.086206674575805664e-01 7.389528304338455200e-02
8.382748365402221680e-01 -7.032945752143859863e-01 1.886619776487350464e-01
7.700561881065368652e-01 -6.944155693054199219e-01 1.290138065814971924e-02
7.022083401679992676e-01 -6.882658004760742188e-01 -9.620528668165206909e-03
6.351122856140136719e-01 -6.711888313293457031e-01 1.285193562507629395e-01
5.705234408378601074e-01 -6.430264711380004883e-01 1.732804179191589355e-01
5.090029835700988770e-01 -6.132347583770751953e-01 1.436426937580108643e-01
4.502993226051330566e-01 -5.855274200439453125e-01 1.217717379331588745e-01
3.942086398601531982e-01 -5.608007311820983887e-01 8.879182487726211548e-02
3.403604924678802490e-01 -5.409371852874755859e-01 3.753579780459403992e-02
2.881751656532287598e-01 -5.312936902046203613e-01 -9.332282841205596924e-02
2.362621724605560303e-01 -5.243898034095764160e-01 -2.169166132807731628e-02
1.853145062923431396e-01 -5.079827904701232910e-01 1.189337968826293945e-01
1.365812271833419800e-01 -4.767805635929107666e-01 3.062350153923034668e-01
9.172835946083068848e-02 -4.476629197597503662e-01 1.473984569311141968e-01
4.890282452106475830e-02 -4.431043267250061035e-01 -1.571776866912841797e-01
5.021680146455764771e-03 -4.451228082180023193e-01 -2.318792790174484253e-02
-3.845326974987983704e-02 -4.407921135425567627e-01 2.675557509064674377e-03
-8.142156898975372314e-02 -4.309802949428558350e-01 9.818750619888305664e-02
-1.230113878846168518e-01 -4.183601438999176025e-01 8.891677111387252808e-02
-1.634444296360015869e-01 -4.119024276733398438e-01 -5.312688648700714111e-03
-2.037208676338195801e-01 -4.093754291534423828e-01 4.581017885357141495e-03
-2.437191158533096313e-01 -4.081409275531768799e-01 -2.151851728558540344e-02
-2.837332189083099365e-01 -3.986104428768157959e-01 1.551575958728790283e-01
-3.219771981239318848e-01 -3.715836405754089355e-01 3.408704102039337158e-01
-3.566941916942596436e-01 -3.353728950023651123e-01 3.663604855537414551e-01
-3.877457380294799805e-01 -3.021941483020782471e-01 2.908244729042053223e-01
-4.159007072448730469e-01 -2.770222723484039307e-01 1.992651522159576416e-01
-4.420091211795806885e-01 -2.575806975364685059e-01 1.586970984935760498e-01
-4.663820266723632812e-01 -2.400794923305511475e-01 1.460815668106079102e-01
-4.890751540660858154e-01 -2.193588018417358398e-01 2.066551148891448975e-01
-5.094265937805175781e-01 -2.023482918739318848e-01 8.417124301195144653e-02
-5.286813974380493164e-01 -1.966545879840850830e-01 -3.251785039901733398e-02
-5.479204654693603516e-01 -2.105147838592529297e-01 -3.052607476711273193e-01
-5.698057413101196289e-01 -2.394962012767791748e-01 -3.748308420181274414e-01
-5.948417782783508301e-01 -2.584278583526611328e-01 -1.428960859775543213e-01
-6.206077933311462402e-01 -2.711096107959747314e-01 -2.148685902357101440e-01
-6.479597687721252441e-01 -2.837687730789184570e-01 -1.584694236516952515e-01
-6.762794852256774902e-01 -2.934970557689666748e-01 -1.502332389354705811e-01
-7.055119872093200684e-01 -3.005383908748626709e-01 -1.084777265787124634e-01
-7.352309823036193848e-01 -3.078452050685882568e-01 -1.485782563686370850e-01
-7.658505439758300781e-01 -3.057401478290557861e-01 5.161049962043762207e-02
-7.952909469604492188e-01 -2.981404066085815430e-01 -1.089276745915412903e-02
-8.242766857147216797e-01 -2.908523678779602051e-01 2.814375981688499451e-02
-8.523440957069396973e-01 -2.775496542453765869e-01 1.008830517530441284e-01
-8.787417411804199219e-01 -2.612340152263641357e-01 9.254122525453567505e-02
-9.035670757293701172e-01 -2.526067495346069336e-01 -4.680707305669784546e-02
-9.281998872756958008e-01 -2.423898428678512573e-01 8.602907508611679077e-02
-9.511703252792358398e-01 -2.326776981353759766e-01 -3.689543157815933228e-02
-9.737606048583984375e-01 -2.344339787960052490e-01 -1.579598933458328247e-01
-9.970719814300537109e-01 -2.419006973505020142e-01 -1.818681806325912476e-01
-1.021175980567932129e+00 -2.509350180625915527e-01 -2.158421576023101807e-01
-1.046252369880676270e+00 -2.606601417064666748e-01 -2.349321544170379639e-01
-1.072270512580871582e+00 -2.730938196182250977e-01 -3.138136863708496094e-01
-1.099751353263854980e+00 -2.924754917621612549e-01 -4.367341101169586182e-01
-1.129541993141174316e+00 -3.100506663322448730e-01 -3.834806382656097412e-01
-1.160562038421630859e+00 -3.153978586196899414e-01 -2.998098134994506836e-01
-1.191424608230590820e+00 -3.158469200134277344e-01 -3.884471058845520020e-01
-1.222446203231811523e+00 -3.108812272548675537e-01 -3.420859575271606445e-01
-1.252409338951110840e+00 -2.948706746101379395e-01 -3.116264343261718750e-01
-1.280292987823486328e+00 -2.565305829048156738e-01 -6.251439452171325684e-02
-1.302871465682983398e+00 -2.094987332820892334e-01 -2.230710983276367188e-01
-1.321334123611450195e+00 -1.478806585073471069e-01 8.101707696914672852e-02
-1.332082748413085938e+00 -6.525063514709472656e-02 1.673379540443420410e-01
-1.334256052970886230e+00 2.912136912345886230e-02 3.217118978500366211e-01
-1.326547741889953613e+00 1.212610453367233276e-01 2.342717647552490234e-01
-1.310528993606567383e+00 2.055910080671310425e-01 3.041700720787048340e-01
-1.286355018615722656e+00 2.779431343078613281e-01 2.215896397829055786e-01
-1.256057024002075195e+00 3.265672922134399414e-01 8.167836815118789673e-02
-1.222294092178344727e+00 3.605136275291442871e-01 1.635856926441192627e-01
-1.185438871383666992e+00 3.806931376457214355e-01 7.977679371833801270e-02
-1.147620320320129395e+00 3.679672777652740479e-01 -2.371646463871002197e-01
-1.113113403320312500e+00 3.401598334312438965e-01 -7.715082168579101562e-02
-1.080988407135009766e+00 3.126796782016754150e-01 -5.576437711715698242e-02
-1.051798224449157715e+00 2.795947194099426270e-01 -6.238175183534622192e-02
-1.026143789291381836e+00 2.549457550048828125e-01 1.810996979475021362e-01
-1.001925945281982422e+00 2.307205051183700562e-01 5.643744766712188721e-02
-9.808258414268493652e-01 1.975587010383605957e-01 3.440880030393600464e-02
-9.631621241569519043e-01 1.594853550195693970e-01 -1.894208416342735291e-02
-9.495093822479248047e-01 1.191284358501434326e-01 -2.017223276197910309e-02
-9.397868514060974121e-01 7.531031966209411621e-02 -1.037500947713851929e-01
-9.346807599067687988e-01 3.616460040211677551e-02 9.564630687236785889e-03
-9.327425956726074219e-01 3.259729593992233276e-03 -1.913017034530639648e-02
-9.340141415596008301e-01 -2.006603218615055084e-02 1.163592040538787842e-01
-9.367421269416809082e-01 -4.159801080822944641e-02 -2.900443226099014282e-02
-9.420843720436096191e-01 -6.589926779270172119e-02 -4.185280948877334595e-02
-9.496478438377380371e-01 -7.599692791700363159e-02 1.421687901020050049e-01
-9.570817947387695312e-01 -8.035879582166671753e-02 1.240136474370956421e-02
-9.653334617614746094e-01 -8.168426901102066040e-02 8.271128684282302856e-02
-9.731363654136657715e-01 -6.921146810054779053e-02 1.908370852470397949e-01
-9.789685606956481934e-01 -4.377170279622077942e-02 2.609866857528686523e-01
-9.817686080932617188e-01 -2.062583900988101959e-02 9.310270845890045166e-02
-9.829335212707519531e-01 3.559252247214317322e-03 1.852632164955139160e-01
-9.811315536499023438e-01 3.085902705788612366e-02 1.178597956895828247e-01
-9.768590927124023438e-01 6.194148212671279907e-02 2.026055902242660522e-01
-9.690456986427307129e-01 9.638990461826324463e-02 1.718517243862152100e-01
-9.579575061798095703e-01 1.335404515266418457e-01 2.358540296554565430e-01
-9.429112672805786133e-01 1.785659193992614746e-01 3.339644670486450195e-01
-9.230152964591979980e-01 2.321560382843017578e-01 4.347624778747558594e-01
-8.974645733833312988e-01 2.742878496646881104e-01 1.827307343482971191e-01
-8.691101074218750000e-01 2.982678413391113281e-01 9.540919959545135498e-02
-8.389397263526916504e-01 3.149564862251281738e-01 7.457375526428222656e-02
-8.073464035987854004e-01 3.217430412769317627e-01 -4.902935028076171875e-02
-7.757859826087951660e-01 3.270863294601440430e-01 5.988851562142372131e-02
-7.432724237442016602e-01 3.379946649074554443e-01 1.101185232400894165e-01
-7.095414996147155762e-01 3.627838790416717529e-01 3.597372174263000488e-01
-6.722792983055114746e-01 3.926493525505065918e-01 2.918674945831298828e-01
-6.325154900550842285e-01 3.983054757118225098e-01 -6.406429409980773926e-02
-5.939809083938598633e-01 3.823122084140777588e-01 -1.561504900455474854e-01
-5.575001239776611328e-01 3.471183180809020996e-01 -4.225153923034667969e-01
-5.257690548896789551e-01 2.927812933921813965e-01 -5.578587651252746582e-01
-5.000179409980773926e-01 2.399642616510391235e-01 -4.212147891521453857e-01
-4.787976145744323730e-01 1.985969543457031250e-01 -3.130897581577301025e-01
-4.611414372920989990e-01 1.530405879020690918e-01 -4.627432823181152344e-01
-4.487085044384002686e-01 1.103880926966667175e-01 -2.739389240741729736e-01
-4.396073520183563232e-01 8.404020220041275024e-02 -9.857103228569030762e-02
-4.323314726352691650e-01 6.662714481353759766e-02 -3.851080313324928284e-02
-4.265782237052917480e-01 5.222728103399276733e-02 1.047863438725471497e-02
-4.221191704273223877e-01 2.922897599637508392e-02 -1.405703872442245483e-01
-4.207627475261688232e-01 -5.010554566979408264e-03 -1.803683936595916748e-01
-4.230817556381225586e-01 -4.735267907381057739e-02 -2.481031119823455811e-01
-4.300126433372497559e-01 -9.335842728614807129e-02 -2.090990394353866577e-01
-4.414131045341491699e-01 -1.387558430433273315e-01 -1.718882322311401367e-01
-4.572439491748809814e-01 -1.760008931159973145e-01 9.338170289993286133e-03
-4.760276973247528076e-01 -1.995594799518585205e-01 1.827131211757659912e-01
-4.964717030525207520e-01 -2.212370187044143677e-01 1.482658535242080688e-01
-5.193879008293151855e-01 -2.420558333396911621e-01 2.577613592147827148e-01
-5.439949631690979004e-01 -2.710283994674682617e-01 8.488437533378601074e-02
-5.724328756332397461e-01 -3.078743219375610352e-01 1.335959434509277344e-01
-6.043889522552490234e-01 -3.418879210948944092e-01 1.955827325582504272e-01
-6.395028233528137207e-01 -3.780004382133483887e-01 1.478710174560546875e-01
-6.784774661064147949e-01 -4.209302663803100586e-01 8.725976943969726562e-02
-7.220002412796020508e-01 -4.688110947608947754e-01 5.284163355827331543e-02
-7.703757882118225098e-01 -5.184185504913330078e-01 3.355696424841880798e-02
-8.236315846443176270e-01 -5.715890526771545410e-01 -6.086407974362373352e-02
-8.823881149291992188e-01 -6.255528926849365234e-01 -8.307330310344696045e-02
-9.462611079216003418e-01 -6.725431680679321289e-01 -6.787300109863281250e-02
-1.014250278472900391e+00 -7.168100476264953613e-01 -2.165323197841644287e-01
-1.086712241172790527e+00 -7.580855488777160645e-01 -2.976962327957153320e-01
-1.162827849388122559e+00 -7.755172252655029297e-01 -1.302132308483123779e-01
-1.238849401473999023e+00 -7.544260025024414062e-01 3.038457781076431274e-02
-1.310853600502014160e+00 -6.993409395217895508e-01 5.630744248628616333e-02
-1.376038670539855957e+00 -6.158794760704040527e-01 5.819251015782356262e-02
-1.431701898574829102e+00 -5.176091194152832031e-01 -1.640153229236602783e-01
-1.477533221244812012e+00 -4.085939824581146240e-01 -2.420357912778854370e-01
-1.511915564537048340e+00 -2.811383306980133057e-01 -2.282832264900207520e-01
-1.532834529876708984e+00 -1.318120211362838745e-01 -1.171010211110115051e-01
-1.538023233413696289e+00 2.044704556465148926e-02 -2.832260727882385254e-01
-1.528962492942810059e+00 1.681204736232757568e-01 -2.013549953699111938e-01
-1.505308866500854492e+00 3.056336939334869385e-01 -2.743264436721801758e-01
-1.469190716743469238e+00 4.248294830322265625e-01 -2.426890432834625244e-01
-1.422183632850646973e+00 5.233085751533508301e-01 -2.514974474906921387e-01
-1.366699934005737305e+00 5.977958440780639648e-01 -2.389201819896697998e-01
-1.305060386657714844e+00 6.490387320518493652e-01 -2.219623923301696777e-01
-1.239498615264892578e+00 6.743174195289611816e-01 -2.827106118202209473e-01
-1.172832846641540527e+00 6.742178201675415039e-01 -3.205029964447021484e-01
-1.107279419898986816e+00 6.609481573104858398e-01 -2.187715917825698853e-01
-1.043279767036437988e+00 6.401769518852233887e-01 -1.901322603225708008e-01
-9.817575216293334961e-01 6.101837158203125000e-01 -1.941673755645751953e-01
-9.236191511154174805e-01 5.747104287147521973e-01 -1.586469560861587524e-01
-8.690744042396545410e-01 5.462297201156616211e-01 2.745872735977172852e-02
-8.166075348854064941e-01 5.206063985824584961e-01 -1.664895564317703247e-02
-7.669639587402343750e-01 4.913074672222137451e-01 -2.602091059088706970e-02
-7.202621698379516602e-01 4.682177901268005371e-01 9.355105459690093994e-02
-6.752200126647949219e-01 4.625955820083618164e-01 3.009837269783020020e-01
-6.296725869178771973e-01 4.668071269989013672e-01 2.893024981021881104e-01
-5.836834311485290527e-01 4.684025943279266357e-01 2.131704688072204590e-01
-5.377870202064514160e-01 4.660473763942718506e-01 1.521789580583572388e-01
-4.922684133052825928e-01 4.597907066345214844e-01 6.989979743957519531e-02
-4.475872516632080078e-01 4.468813240528106689e-01 -5.458763241767883301e-02
-4.045768678188323975e-01 4.366625249385833740e-01 1.929286122322082520e-02
-3.620121181011199951e-01 4.459061026573181152e-01 2.428064048290252686e-01
-3.172720372676849365e-01 4.616954028606414795e-01 1.122253462672233582e-01
-2.714082896709442139e-01 4.833987951278686523e-01 2.466865926980972290e-01
-2.225627899169921875e-01 5.092892050743103027e-01 1.379829943180084229e-01
-1.714822351932525635e-01 5.412398576736450195e-01 2.516201436519622803e-01
-1.164977848529815674e-01 5.827040672302246094e-01 2.505521476268768311e-01
-5.721876770257949829e-02 6.215654611587524414e-01 1.134262308478355408e-01
5.463279783725738525e-03 6.710640192031860352e-01 3.219402432441711426e-01
7.425184547901153564e-02 7.302811145782470703e-01 2.407087236642837524e-01
1.487136781215667725e-01 7.946032881736755371e-01 3.023290038108825684e-01
2.300328910350799561e-01 8.652459383010864258e-01 2.769381105899810791e-01
3.183962106704711914e-01 9.386239051818847656e-01 2.637748122215270996e-01
4.140946567058563232e-01 1.019008398056030273e+00 3.389894962310791016e-01
5.181672573089599609e-01 1.097086668014526367e+00 2.084129452705383301e-01
6.292869448661804199e-01 1.170670390129089355e+00 2.539291381835937500e-01
7.476829290390014648e-01 1.237545847892761230e+00 1.996938139200210571e-01
8.719647526741027832e-01 1.289924263954162598e+00 1.927020698785781860e-01
1.000600457191467285e+00 1.328072071075439453e+00 2.968428134918212891e-01
1.132300138473510742e+00 1.335218191146850586e+00 1.814577877521514893e-01
1.262464642524719238e+00 1.296938419342041016e+00 1.720178127288818359e-01
1.386636972427368164e+00 1.212666511535644531e+00 2.519043087959289551e-01
1.500286102294921875e+00 1.079204797744750977e+00 3.451781868934631348e-01
1.598361611366271973e+00 8.924401402473449707e-01 4.153276681900024414e-01
1.675507545471191406e+00 6.411899328231811523e-01 2.394016981124877930e-01
1.724577665328979492e+00 3.320073485374450684e-01 1.599951088428497314e-01
1.741198420524597168e+00 -2.155125141143798828e-03 2.157871425151824951e-01
1.724758625030517578e+00 -3.333975076675415039e-01 1.974060833454132080e-01
1.676460623741149902e+00 -6.399112939834594727e-01 1.765556484460830688e-01
1.599851489067077637e+00 -9.047852754592895508e-01 9.874163568019866943e-02
1.499529004096984863e+00 -1.108748435974121094e+00 2.024945914745330811e-01
1.382695555686950684e+00 -1.249723076820373535e+00 1.495885998010635376e-01
1.254681348800659180e+00 -1.344709157943725586e+00 5.311965942382812500e-03
1.119189023971557617e+00 -1.399552106857299805e+00 -2.412411849945783615e-03
9.802978634834289551e-01 -1.422302722930908203e+00 -5.943618714809417725e-02
8.403428792953491211e-01 -1.427549600601196289e+00 -1.322498917579650879e-01
7.004232406616210938e-01 -1.422328352928161621e+00 -1.309780925512313843e-01
5.614510178565979004e-01 -1.409120559692382812e+00 -7.322865724563598633e-02
4.240924715995788574e-01 -1.400513768196105957e+00 -1.631238460540771484e-01
2.868946194648742676e-01 -1.402546167373657227e+00 -1.539229154586791992e-01
1.490820646286010742e-01 -1.421831607818603516e+00 -2.806706428527832031e-01
8.178308606147766113e-03 -1.460402250289916992e+00 -3.007164895534515381e-01
-1.372624784708023071e-01 -1.507367014884948730e+00 -1.922888755798339844e-01
-2.874501943588256836e-01 -1.567038297653198242e+00 -2.795367240905761719e-01
-4.444804191589355469e-01 -1.633231282234191895e+00 -1.519789099693298340e-01
-6.077672839164733887e-01 -1.699085354804992676e+00 -1.660270839929580688e-01
-7.776246070861816406e-01 -1.747645139694213867e+00 8.762884140014648438e-02
-9.505758285522460938e-01 -1.764986157417297363e+00 1.659069359302520752e-01
-1.123739242553710938e+00 -1.754943490028381348e+00 3.450705856084823608e-02
