# Training_Loss,Validation_Loss
2.413232401199611951e-02 2.377618700765016940e-02
2.395073886959082562e-02 2.377907836636598479e-02
2.394480446515035582e-02 2.380182168744640267e-02
2.394247833514341270e-02 2.377780899747412857e-02
2.394038333858087425e-02 2.377813479146807796e-02
2.394023832860521506e-02 2.377883041348374457e-02
2.394074361815556884e-02 2.377839153205387260e-02
2.393916281897108186e-02 2.378503190783897228e-02
2.394021022274072166e-02 2.380496272260850671e-02
2.394050207256027962e-02 2.378054861886717136e-02
2.393871257424448618e-02 2.378444222465767727e-02
2.394064127801227848e-02 2.377868415545077163e-02
2.393954573783813045e-02 2.379992440269302831e-02
2.393879079331057147e-02 2.378327703482845112e-02
2.393962862956294790e-02 2.377877267980111134e-02
2.393758099186311591e-02 2.378327009386393617e-02
2.393598308169312891e-02 2.377833235549156946e-02
2.393606101797691663e-02 2.377288209161742411e-02
2.393555632188185817e-02 2.377246458036626556e-02
2.393624037132619647e-02 2.378450857415183653e-02
2.393621944488581038e-02 2.377128774701870936e-02
2.393545810112685315e-02 2.377761581508365529e-02
2.393350194578597323e-02 2.377037268510625787e-02
2.393495951445486630e-02 2.377471370452812968e-02
2.393214792030107230e-02 2.379401998324964448e-02
2.393295498673931113e-02 2.376832179810258600e-02
2.393275427722164547e-02 2.376885518600644134e-02
2.393309910099993693e-02 2.378692846284962900e-02
2.393238982063509990e-02 2.377183951319590885e-02
2.393083235436553602e-02 2.379478614981030832e-02
2.393088054852278088e-02 2.379086733446298535e-02
2.393296192322337534e-02 2.377499276175676704e-02
2.392953117914527889e-02 2.378984775842709481e-02
2.393125268298286479e-02 2.377180425827822227e-02
2.393160758421237697e-02 2.376695027513258535e-02
2.393160881889548619e-02 2.377058722851772832e-02
2.393067003442898161e-02 2.377669929039620891e-02
2.392878795561538194e-02 2.377919708155622897e-02
2.392970456253623590e-02 2.376983207116366986e-02
2.393032946054006460e-02 2.376496367694999959e-02
2.392945786714676185e-02 2.376478318231742271e-02
2.392999698796238750e-02 2.376982223632596175e-02
2.393026904834542889e-02 2.376474001609500675e-02
2.392887010477691423e-02 2.376856779282403992e-02
2.392876280421090546e-02 2.376389279991152417e-02
2.393117829911868902e-02 2.376673904934901646e-02
2.392885128055191948e-02 2.376458849917817071e-02
2.393145663387646199e-02 2.376479495514410498e-02
2.392980028804496048e-02 2.376401245326865280e-02
2.392978232263008598e-02 2.377084453827581559e-02
2.392946828853089944e-02 2.376515569474714137e-02
2.392933017098480136e-02 2.377544388807034323e-02
2.392856698956775247e-02 2.376946749059417885e-02
2.392967209407383111e-02 2.377012501256421315e-02
2.392829570257042418e-02 2.376563387441121486e-02
2.392926897876033326e-02 2.376972121281144615e-02
2.392850388733561151e-02 2.376626547008758861e-02
2.392720730553326430e-02 2.377710022294770784e-02
2.393092752531767939e-02 2.376401476644200012e-02
2.392914346810396178e-02 2.376476858999650860e-02
2.392803029545107624e-02 2.376621821999627335e-02
2.393115508360755747e-02 2.376347319298708488e-02
2.392959218627792317e-02 2.379520099172167252e-02
2.392821832599901360e-02 2.376621218620458831e-02
2.392824465032379957e-02 2.378238113824539604e-02
2.392811649581863195e-02 2.376521621959319305e-02
2.393044172421339433e-02 2.376715116905069730e-02
2.392657508379930631e-02 2.376486483324918852e-02
2.392711375401664758e-02 2.377521042567382753e-02
2.392501216810426559e-02 2.376598570801078530e-02
2.392720078742097481e-02 2.376110592730995563e-02
2.392715854403666687e-02 2.376546876675035905e-02
2.392798317913526901e-02 2.376344645573025618e-02
2.392674800559519907e-02 2.376319777019661114e-02
2.392667494869046146e-02 2.376123083041015507e-02
2.392792550150441705e-02 2.376740981920437423e-02
2.392516800449143513e-02 2.376596137821852459e-02
2.392384945576710858e-02 2.381745368011509503e-02
2.392350848260194063e-02 2.375987630532976763e-02
2.392356026641507399e-02 2.378618939815900848e-02
2.392644102799547021e-02 2.377483846156467490e-02
2.392588849798591225e-02 2.375859644181557706e-02
2.392325949998387602e-02 2.376308366394605867e-02
2.392243580591287347e-02 2.375562818699924333e-02
2.392180184949626448e-02 2.375582014937610217e-02
2.392161486091263708e-02 2.375353394016327738e-02
2.391839203863185132e-02 2.376000935785232623e-02
2.391716532356802025e-02 2.374657970497471432e-02
2.391212990199978114e-02 2.374986848454721522e-02
2.390755289452808560e-02 2.374961166713927124e-02
2.389862347229422188e-02 2.373375680326434908e-02
2.388450947386591347e-02 2.370381521583735454e-02
2.386337379028451514e-02 2.368088480380438343e-02
2.387863429564179504e-02 2.378190762538448522e-02
2.393419019908822956e-02 2.377431464775179443e-02
2.393201597618176135e-02 2.378370250154226290e-02
2.392990786100305384e-02 2.376260204184277650e-02
2.392902879378877232e-02 2.376272964360947801e-02
2.393009118582891184e-02 2.376396147400502284e-02
2.392805821486458998e-02 2.376557563024919717e-02
2.392643194151226199e-02 2.375899305620049126e-02
2.392425844447172711e-02 2.381484296417446869e-02
2.392422494744558120e-02 2.376326858293075286e-02
2.392698438370486139e-02 2.394869921109493704e-02
2.392408389374870922e-02 2.377916306984550338e-02
2.392305959182687569e-02 2.375634130680428710e-02
2.392222580653340439e-02 2.375533776208131956e-02
2.392153846860334276e-02 2.376578348811922425e-02
2.392096640498117543e-02 2.375666197720373643e-02
2.391924763223086600e-02 2.375393704223098534e-02
2.391899493812744623e-02 2.374938902016739128e-02
2.391591074596164865e-02 2.374835666866713726e-02
2.391849847766382153e-02 2.375490500667484794e-02
2.391290189525580034e-02 2.375676252780075520e-02
2.391124571376939886e-02 2.392986050781875651e-02
2.390912161445473902e-02 2.374408575937412072e-02
2.390654146764211591e-02 2.374082281517261167e-02
2.390390846272445399e-02 2.373646369885015761e-02
2.389978891350582474e-02 2.377199999416587661e-02
2.389535507834607969e-02 2.400932788463428988e-02
2.389434269566156552e-02 2.372702169864703697e-02
2.389324971124966862e-02 2.372437568248537271e-02
2.389187551056489930e-02 2.372020375107660589e-02
2.388626853729188676e-02 2.372023259443963028e-02
2.388434698540571263e-02 2.372955196999781968e-02
2.388494125740718912e-02 2.372125925860114545e-02
2.387880972220926545e-02 2.371937656204121947e-02
2.387634940415634191e-02 2.370849815392066934e-02
2.387644009441034984e-02 2.370963156861324514e-02
2.387333821201307466e-02 2.371625732468326739e-02
2.386734633667330491e-02 2.370252926479829089e-02
2.386508494047092158e-02 2.371408413662434364e-02
2.386103152514092857e-02 2.369795664980611782e-02
2.386197979203078315e-02 2.369158422524092825e-02
2.385322485510090948e-02 2.372476372890121657e-02
2.384861014521751088e-02 2.368036261331435410e-02
2.384643872711828677e-02 2.367030127248910196e-02
2.384389616906528245e-02 2.369190140403273567e-02
2.383523191789635107e-02 2.366968872079528233e-02
2.383407337358491029e-02 2.366046852519491581e-02
2.383021833305229084e-02 2.366279203193697236e-02
2.382654484561756020e-02 2.364886408569179255e-02
2.382376419337353321e-02 2.367430063031455631e-02
2.382454314248996438e-02 2.369352644510950429e-02
2.382026986306468724e-02 2.369712168594592661e-02
2.382226145750302240e-02 2.364589842840078907e-02
2.381681284537166474e-02 2.365327862353353364e-02
2.381373346778368344e-02 2.370793711534095044e-02
2.381288915870911557e-02 2.363880475582386120e-02
2.381200982341609429e-02 2.364516766925951752e-02
2.381044781161346241e-02 2.366615120402109154e-02
2.380875264997744933e-02 2.367144911604040364e-02
2.380714130464361630e-02 2.362805418157277321e-02
2.380424384606875596e-02 2.365037560549484649e-02
2.380127086678310647e-02 2.363586306496735095e-02
2.380151531570733059e-02 2.363883700506292512e-02
2.380242267285575392e-02 2.365035024414163106e-02
2.379663717281145160e-02 2.369488184514424722e-02
2.379574972964731278e-02 2.364788208808957584e-02
2.379392090741748456e-02 2.363340388562447381e-02
2.379492607176795019e-02 2.365442263653718888e-02
2.379043728688017348e-02 2.365511512278439810e-02
2.378911128902426106e-02 2.362397053331028590e-02
2.378676121734820889e-02 2.361318582070618885e-02
2.378507283734276542e-02 2.365580852642011969e-02
2.378356967464790098e-02 2.370134920020896055e-02
2.377928498994704917e-02 2.363864494242512090e-02
2.377820325108787394e-02 2.363764293775633824e-02
2.377580714757595096e-02 2.360746226719773536e-02
2.377637711073502316e-02 2.358820432019971547e-02
2.376933042863781098e-02 2.362943802408474375e-02
2.376993575811791118e-02 2.360233350990238385e-02
2.376595705029882141e-02 2.360663031078790233e-02
2.376271215955277905e-02 2.359535659228977067e-02
2.375647590488636982e-02 2.357103499126205967e-02
2.375628043991040439e-02 2.357665323488469800e-02
2.374982877952754382e-02 2.363119355330257215e-02
2.375178913293028715e-02 2.358324558680479840e-02
2.374928414347426617e-02 2.357484466036982584e-02
2.374522872475385432e-02 2.365699760346928401e-02
2.374207579090185580e-02 2.357184771636516157e-02
2.372164810779071181e-02 2.353622390421751184e-02
2.366195887993785552e-02 2.332857010126868427e-02
2.349620815883433911e-02 2.326480128383959234e-02
2.342848837729379768e-02 2.325232752039698911e-02
2.336558840636182577e-02 2.315954880067770325e-02
2.331462260668395320e-02 2.322263648662762844e-02
2.326715392280198982e-02 2.329110700857542002e-02
2.321713298939257278e-02 2.297579313599779419e-02
2.317729320522057823e-02 2.300018563489879264e-02
2.310801484525325591e-02 2.298526133812331049e-02
2.301455557361440848e-02 2.273654138241379408e-02
2.275231795542108013e-02 2.288008382983954675e-02
2.243534389048737823e-02 2.298846679016786770e-02
2.227524406198823359e-02 2.200733840174913525e-02
2.213090681923607014e-02 2.179671217110519879e-02
2.160166240690760547e-02 2.103639598708338318e-02
2.039279812038058415e-02 1.961021566916747172e-02
1.952929857981077627e-02 1.911055988869080763e-02
1.905836444352589781e-02 1.867053945254273234e-02
1.786004139169934321e-02 1.735444840641613487e-02
1.653789799716472858e-02 1.598070455720612335e-02
1.579538317599447211e-02 1.511966495164295855e-02
1.496695983646526874e-02 1.459883741570105684e-02
1.460495585648959212e-02 1.417712514031562593e-02
1.436029228718612751e-02 1.446341296591045419e-02
1.416723863407830242e-02 1.417377565666419655e-02
1.388568747528856097e-02 1.346483852506838094e-02
1.323216084205270163e-02 1.278844699000972369e-02
1.253665774916179129e-02 1.183349810121418419e-02
1.216009181181078661e-02 1.199183826765723264e-02
1.181390059828637401e-02 1.148714721730195037e-02
1.160942474208781321e-02 1.128944310459313941e-02
1.143107912634043488e-02 1.139063510830547014e-02
1.130951290771310160e-02 1.116877684258007694e-02
1.117348989942958462e-02 1.139392830685846160e-02
1.104796103041785944e-02 1.069018564014849980e-02
1.087035662150206278e-02 1.058005340590871882e-02
1.070054455090214615e-02 1.046803580967098357e-02
1.058172572912412929e-02 1.030139888789972057e-02
1.047974491548032266e-02 1.028839396069416989e-02
1.040199561563657539e-02 1.084060000151476286e-02
1.035108684806243691e-02 1.021838124615798149e-02
1.029687360447101470e-02 1.007614278350448846e-02
1.021208961538343923e-02 1.025209117171002604e-02
1.017668544543408847e-02 9.945926240210609115e-03
1.011341400149425550e-02 9.764971676435247119e-03
1.007191493066719908e-02 1.003491169194779820e-02
1.002622739514916553e-02 1.005904252998341894e-02
9.992894709026532360e-03 9.619043050398859429e-03
9.944902369159217340e-03 9.820661946637825046e-03
9.925335062655506191e-03 9.689697017090836278e-03
9.899265636539533730e-03 9.546038927645800198e-03
9.869982439686781142e-03 9.640647574536002559e-03
9.838906761280137581e-03 9.672564716009300276e-03
9.816574526025639499e-03 9.708138504825500684e-03
9.777122569259739243e-03 9.456660009189288632e-03
9.769879106852929693e-03 9.507953528876908825e-03
9.723099364015492033e-03 9.899915514758439450e-03
9.705243113866134086e-03 9.231384189445713054e-03
9.664686749569675883e-03 9.851588414971895052e-03
9.655273199420961322e-03 1.017041402919731212e-02
9.639837560556396498e-03 9.547360869402457539e-03
9.616459642589687135e-03 9.496695612782570656e-03
9.598416910685698966e-03 9.422391913714547179e-03
9.592546783489766526e-03 9.562413634937479839e-03
9.567935377123975779e-03 9.339876814787392498e-03
9.534750245534670543e-03 9.352885639925718336e-03
9.526430881305293294e-03 9.289874248245436408e-03
9.526996637831981057e-03 9.435100503833806357e-03
9.517382815029151386e-03 9.435108267847647917e-03
9.499492706987492860e-03 9.247272781692197907e-03
9.482315660789560063e-03 9.309125460674638752e-03
9.464710030143732439e-03 9.175173492751051776e-03
9.453472543468229711e-03 9.226256080085813369e-03
9.445679512419967797e-03 9.205008279502402760e-03
9.429543190013900747e-03 9.429267356635562952e-03
9.424939549644927028e-03 9.323563830462617066e-03
9.416784319797893987e-03 9.086586725032081910e-03
9.392915749519366655e-03 9.424375106918245551e-03
9.379544407461325173e-03 9.375000336973041137e-03
9.365704519101899356e-03 9.317714665425656795e-03
9.375200207274961284e-03 9.206967679004364816e-03
9.366729771632789636e-03 9.129887801243304069e-03
9.350460174025583548e-03 9.043594376152019540e-03
9.331360928170636185e-03 9.366713365172786576e-03
9.325380414436659771e-03 9.301300177768137209e-03
9.309911340861957291e-03 9.457599363769405784e-03
9.306304730213318249e-03 9.136433236189065929e-03
9.293590181052236582e-03 9.205521502945974294e-03
9.275264053487374330e-03 9.178772416367449172e-03
9.269053960552950736e-03 9.090805217733987503e-03
9.249550545735419141e-03 9.090732939753451078e-03
9.249507358922534617e-03 9.077281111218429843e-03
9.237809491600395412e-03 9.218816078703048755e-03
9.223835177399506216e-03 9.144314395490573191e-03
9.224123226144792867e-03 9.221415681900669778e-03
9.216461190420860081e-03 8.948249011156395386e-03
9.210672408349617618e-03 9.414488766816142204e-03
9.202290569515965760e-03 8.978130248679118061e-03
9.186474428511504087e-03 9.303464344367498931e-03
9.189323646687053843e-03 8.941671690890761262e-03
9.164693359428887492e-03 8.970219181896617322e-03
9.164100722236240976e-03 9.033643649664982456e-03
9.160271136912322837e-03 8.814625742201499456e-03
9.151956315222507105e-03 8.966209268115241104e-03
9.136915784470258511e-03 9.211130711411968930e-03
9.148290896892164598e-03 8.935854636748107385e-03
9.135356106977923774e-03 9.292229509876161198e-03
9.122303680872113907e-03 9.193856706462930073e-03
9.107637109752934196e-03 8.940336310987709659e-03
9.114214814214495128e-03 8.929990352367146375e-03
9.107342683868089803e-03 8.887170393106311184e-03
9.092269036281649605e-03 8.970088167260041948e-03
9.088602722623802255e-03 8.955543785415433916e-03
9.082771276476931527e-03 9.009502997287905865e-03
9.075945277695597613e-03 8.906004190663287592e-03
9.074641787737961277e-03 8.854825623042890045e-03
9.061698913653520870e-03 9.070151644828982132e-03
9.056622456942397398e-03 8.927179951333012731e-03
9.048903994263229542e-03 8.851353627262907586e-03
9.036331705646188928e-03 8.959658794804403401e-03
9.042553829448135225e-03 8.910717492640881504e-03
9.035391963553020614e-03 9.050402003099602966e-03
9.035892298215554910e-03 8.753528188834253793e-03
9.029259834206181112e-03 9.140463477119898858e-03
9.014429319137613056e-03 8.877973039120835852e-03
9.005844546794795902e-03 8.846090655392187599e-03
9.008614625146006000e-03 8.795503416240640568e-03
9.001391522342888640e-03 8.796089326633376587e-03
8.994677722282009777e-03 8.984568648394822277e-03
8.994196080138683325e-03 8.929135763265944742e-03
8.993209392042155956e-03 8.756600381396308433e-03
8.980027744516316454e-03 9.009079615876521355e-03
8.987644967709974148e-03 8.863627440624955584e-03
8.995763869203299984e-03 8.909313941390717417e-03
8.981894394421699110e-03 9.152175834873339105e-03
8.966241584231704476e-03 9.350705449185007720e-03
8.970356338782414091e-03 8.825408193489319916e-03
8.954797742551137349e-03 9.158628856532895213e-03
8.959911225224732184e-03 9.245401868121035441e-03
8.951678591527763643e-03 8.887494399223405325e-03
8.948509066054918804e-03 8.823368227336907815e-03
8.944616513257121551e-03 8.811676117594539198e-03
8.937920217948366192e-03 8.714206327350574113e-03
8.931424317170932187e-03 8.776394378029114818e-03
8.933820020002522511e-03 8.992568272093144285e-03
8.929492082536202510e-03 8.806599153079203851e-03
8.928052448959613099e-03 9.226767962798070738e-03
8.925771256679404173e-03 9.002139101806755014e-03
8.923351866525512308e-03 8.906365242960402953e-03
8.902643609832363442e-03 8.810177622398857045e-03
8.912677242356835047e-03 8.764958209507454565e-03
8.906220651803627847e-03 8.858329370018546908e-03
8.914313728727396233e-03 9.525194641568838702e-03
8.891651883929785685e-03 8.788755371621888302e-03
8.897929186505003016e-03 8.965400470249051609e-03
8.882710834260731936e-03 9.071160413841863543e-03
8.892651504424579911e-03 8.880494774455825052e-03
8.895017194722916465e-03 8.782610746250115244e-03
8.881369837701987707e-03 9.080925149202653812e-03
8.878261552925360151e-03 8.799467674917097956e-03
8.886279856413723324e-03 8.752495409906050836e-03
8.870496961011898815e-03 8.750921184190612462e-03
8.873709371838220394e-03 8.997289392303018524e-03
8.869787344195100010e-03 8.778855538689447555e-03
8.868746964044100026e-03 8.774542477570590471e-03
8.857972846257486377e-03 8.643152350387622862e-03
8.853763491138042299e-03 8.908967612364824054e-03
8.851821072586101360e-03 8.785056430525418555e-03
8.853795434816034982e-03 8.782574521536709242e-03
8.851562961828500845e-03 8.735105915456356507e-03
8.845913600466397478e-03 8.798562965092694352e-03
8.846916929891118775e-03 8.765342148240377190e-03
8.844050529006707365e-03 8.865895555905133063e-03
8.844067812820771354e-03 8.765754497299764469e-03
8.836463260938972816e-03 8.846555123285616828e-03
8.837371813178177687e-03 8.887605656994385789e-03
8.842522202225689548e-03 8.796058252666005134e-03
8.833496504091027310e-03 8.743736054499464186e-03
8.837286876400991462e-03 8.696492740423051107e-03
8.831073836012925601e-03 8.772781825198376973e-03
8.825875770886679531e-03 8.674776050501370808e-03
8.822469285985769238e-03 8.751373658553782478e-03
8.818445852745705055e-03 8.837486992908545613e-03
8.823015661035039231e-03 8.695730270037567433e-03
8.809444601994308177e-03 8.694702774309427673e-03
8.813216585915037427e-03 8.663895747065801164e-03
8.823813998483620233e-03 8.735033785661037650e-03
8.803555485540284428e-03 8.810123003576529263e-03
8.805147226638949942e-03 8.595445638138717384e-03
8.804809347485599569e-03 8.891941881303455988e-03
8.802363328509078128e-03 8.861539798772972987e-03
8.801513219636993013e-03 8.747861207004995615e-03
8.796902232690650275e-03 8.855130420837830849e-03
8.805164606992137849e-03 8.766005369000533579e-03
8.794510927800546635e-03 8.640615259949550528e-03
8.795070296042066180e-03 8.737435344444224872e-03
8.794613818276940734e-03 8.623010027798768892e-03
8.791415176061693343e-03 8.807489992675639548e-03
8.784588224259086420e-03 8.655461833134567989e-03
8.778658814823894069e-03 8.728932523696058751e-03
8.788426364657335801e-03 8.855485793337360828e-03
8.795974850006365447e-03 8.814997891888476031e-03
8.783892520423974490e-03 8.663798353735029448e-03
8.781843912275391628e-03 8.598933213689189184e-03
8.778587376203333265e-03 8.706114184197437725e-03
8.786267363669183691e-03 8.556014347125689978e-03
8.789915821703013499e-03 8.927541247091176288e-03
8.782016927184445668e-03 8.803624822324796276e-03
8.777405165931312370e-03 8.820386742909781808e-03
8.779138159244517445e-03 8.801725656534661532e-03
8.762229075049227101e-03 8.691248576249647334e-03
8.764821454880802193e-03 8.568026396527485614e-03
8.768930621995916011e-03 8.669925788549604287e-03
8.764535388956121165e-03 8.525292375152300137e-03
8.773772148439933083e-03 8.858348335125099809e-03
8.761677329896739100e-03 9.144583362303263310e-03
8.762418349889816022e-03 8.726547275730901082e-03
8.773270083554116430e-03 8.812680251187643421e-03
8.772083957106727170e-03 8.583111592268098319e-03
8.761951505553143213e-03 8.557443165432205776e-03
8.767093892181779952e-03 8.572496762143116608e-03
8.769121093850881440e-03 9.150548471798410771e-03
8.770982176966304542e-03 8.801962486664162075e-03
8.753958451156916565e-03 8.720543721965946099e-03
8.763621216959333396e-03 8.644356908206011006e-03
8.760200491728847849e-03 8.923807882533619715e-03
8.762392606344265519e-03 8.906940132833388729e-03
8.753976024043569337e-03 8.627289772977754512e-03
8.759967932238876820e-03 8.948448059551417089e-03
8.745413301295135167e-03 8.755355348351076539e-03
8.753259179162423825e-03 8.774371811337673688e-03
8.743506958134514284e-03 8.759905706947819851e-03
8.748530326187373141e-03 8.783610924314989854e-03
8.755564930706031743e-03 8.671025824773930316e-03
8.746752532635234528e-03 8.770529328580786710e-03
8.750540948007458353e-03 8.642006145134271608e-03
8.749577531049015228e-03 8.533985605947961087e-03
8.745683065061892261e-03 8.549607005338652130e-03
8.750020864778456156e-03 8.801184822485185952e-03
8.733994712591803405e-03 8.694870692075451143e-03
8.736848786529730418e-03 8.623063381899416860e-03
8.747987505144327880e-03 8.664937185170688838e-03
8.742870361480413119e-03 8.690067765387998744e-03
8.755013088253407044e-03 8.867411635439947579e-03
8.743786093149340591e-03 8.596503188152075647e-03
8.745993396813494039e-03 8.701038861977738667e-03
8.744405415464130346e-03 8.595736557140430667e-03
8.727483335265616773e-03 8.851435168375393001e-03
8.741971862120979930e-03 8.585910190364537051e-03
8.739942300382278623e-03 8.911421087689837262e-03
8.740550126032543485e-03 8.695021907746763867e-03
8.736347043313689650e-03 8.649081635835107959e-03
8.732612105873293479e-03 8.750849064063656937e-03
8.748436924146613461e-03 8.581146170705131887e-03
8.731747128875276542e-03 9.001669107947652890e-03
8.743131630101904153e-03 8.716552245531692875e-03
8.728986243242994533e-03 8.758613110434451676e-03
8.739448767774103330e-03 8.668278182479755012e-03
8.738873168143247022e-03 8.620201962015535888e-03
8.736012154289677853e-03 8.743931649874244622e-03
8.733379754635646822e-03 8.786495108107155241e-03
8.727605636921398694e-03 8.713839904606793252e-03
8.730796822726299283e-03 8.642437112827515769e-03
8.733460796607604715e-03 8.782834354511697555e-03
8.725858897469468065e-03 8.685400260744921552e-03
8.734339953152446545e-03 8.652466171690234228e-03
8.727378503487349948e-03 8.664440062422600758e-03
8.733774931202621661e-03 8.672512823634960857e-03
8.736133290253366573e-03 8.610773539966684598e-03
8.726653175766320783e-03 8.639369413619275156e-03
8.730904371389543520e-03 9.037742613270928482e-03
8.728293199597395718e-03 8.599519535964885233e-03
8.726876370775904501e-03 8.732996057216835251e-03
8.721817629454613197e-03 8.832244360384875967e-03
8.726797585816669159e-03 8.511023246096363279e-03
8.725196956339663010e-03 8.585933895372377389e-03
8.723807575522083205e-03 8.677697527373687963e-03
8.720725857746313564e-03 8.695846993971153779e-03
8.717622772403819248e-03 8.686577960580317559e-03
8.724212855538279396e-03 8.650699613206837280e-03
8.718162033254249835e-03 8.698332112286306581e-03
8.719786038507214981e-03 8.642317224051265442e-03
8.717280957031814034e-03 8.661467695530687683e-03
8.718356011359770785e-03 8.722971708401127192e-03
8.718164383666567735e-03 8.611339366764111242e-03
8.717815699036582378e-03 8.614985287968730809e-03
8.715942873188296802e-03 8.650375094411213300e-03
8.716374545116215011e-03 8.689342728853686679e-03
8.705872054159922990e-03 8.634530744939694635e-03
8.718687980503521395e-03 8.675445994173009920e-03
8.717888625735097444e-03 8.536969157535581956e-03
8.714558339568188525e-03 8.615563526511634332e-03
8.712211556815932859e-03 8.693972298211085498e-03
8.715006103465627527e-03 8.613961497519887975e-03
8.708898889317202852e-03 8.529350625583043480e-03
8.724771636409795611e-03 8.602325903706346810e-03
8.703010058170018021e-03 8.580926492386026921e-03
8.713893678610447682e-03 8.637166741983587359e-03
8.711331026755071358e-03 8.676560724014587694e-03
8.704999460705763192e-03 8.572053399918143357e-03
8.711510672858444743e-03 8.517187845340085106e-03
8.712931181475140618e-03 8.689457135585205647e-03
8.713499792314227665e-03 8.785461030074917868e-03
8.698307658844214169e-03 8.584985974338189829e-03
8.709788891989688267e-03 8.669449242838784750e-03
8.701618166360775355e-03 8.541143374509119202e-03
8.716265647925413793e-03 8.664713304880264366e-03
8.706570768272962890e-03 8.768279778156142304e-03
8.701263256299581264e-03 8.534580277586736527e-03
8.695847261457797725e-03 8.580843489553688710e-03
8.712047380409386824e-03 8.640395077741462940e-03
8.699142919432868368e-03 8.637834757893219154e-03
8.704728871312983687e-03 8.705546159457067112e-03
8.714710528263103911e-03 8.444844187415308928e-03
8.687259260881263767e-03 8.468247561559540115e-03
8.692701620038923577e-03 8.949983030341390755e-03
8.699726767003347627e-03 8.652625254457566722e-03
8.698387471819597414e-03 8.609001549609937229e-03
8.702887876546475457e-03 8.744233796282301074e-03
8.703764954995264411e-03 8.610954637592482808e-03
8.698147729993452662e-03 8.802021763713106794e-03
8.695334811292431548e-03 8.712898280762985948e-03
8.703295882555934365e-03 8.583465199040265364e-03
8.701237829548832958e-03 8.536240544885029952e-03
8.701882285722677482e-03 8.504529631925702993e-03
8.695467348993407217e-03 8.669324473662476382e-03
8.689862881716333212e-03 8.571760997282655212e-03
8.696348749167255587e-03 8.720176411608939263e-03
8.698863401403883477e-03 8.668496272809120273e-03
8.684532864299012583e-03 8.567216507982837112e-03
8.693309405633512649e-03 8.734757985307890077e-03
8.706831377405138336e-03 8.600108794669242274e-03
8.690140982261845490e-03 8.671539132222509660e-03
8.696129771008970569e-03 8.782755268632881293e-03
8.695815334508048833e-03 8.673659274827810045e-03
8.688539922879927324e-03 8.735652131248709817e-03
8.706311021100263461e-03 8.630454465557744342e-03
8.685517364761363712e-03 8.641857783345188379e-03
8.701989082958662761e-03 8.553716026769672687e-03
8.694819024551502656e-03 8.665675793397237953e-03
8.684645910029672664e-03 8.528103897660052612e-03
8.688718430861780070e-03 8.654069553011380089e-03
8.683027946332026042e-03 8.734262976966063186e-03
8.689972033192164963e-03 8.906313527513181477e-03
8.692327136441429028e-03 8.536680691636096968e-03
8.693704167555146856e-03 8.697897570797284011e-03
8.685749635577505109e-03 8.682770966536624418e-03
8.692098268116925028e-03 8.832463702774231637e-03
8.692586193601454722e-03 9.086777819609228452e-03
8.687879910899658567e-03 8.654981178510771228e-03
8.693922105501419861e-03 8.683263889034346233e-03
8.696798529434456720e-03 8.571704742992073550e-03
8.690057529106053405e-03 8.618301509939632274e-03
8.684300872460103127e-03 8.572039402434271718e-03
8.688894710252356018e-03 8.520997940033537763e-03
8.688811927616356401e-03 8.619232631786405419e-03
8.687255860032402563e-03 8.661821374791593697e-03
8.684873431218065667e-03 8.567074661232625121e-03
8.684529855590849765e-03 8.624747581152515316e-03
8.683125238519266709e-03 8.671617064948089829e-03
8.678791106663202512e-03 8.756189321702063585e-03
8.677551531845545396e-03 8.501943861782082848e-03
8.687944960670608563e-03 8.596519355036484969e-03
8.681365736283686713e-03 8.525000689908177054e-03
8.681263466740491569e-03 8.662316062322653748e-03
8.681407900553538351e-03 8.626011921260201207e-03
8.667273885078452880e-03 8.740443312605207862e-03
8.689630583093733290e-03 8.796388359469019258e-03
8.675006671537458317e-03 8.612914597461673177e-03
8.672004558778353966e-03 8.750713311483727941e-03
8.671054352521450487e-03 8.767069259181510185e-03
8.684380001689234047e-03 8.569250587944785350e-03
8.679105231362241324e-03 8.622794731755926284e-03
8.685086301531466310e-03 8.657525238751991384e-03
8.662567123806232117e-03 8.810446010441421588e-03
8.686841135343027417e-03 8.635394427901739445e-03
8.675060881763108772e-03 8.790751770519380365e-03
8.679440044183866707e-03 8.732738942752898623e-03
8.673425042492235656e-03 8.584180062338540862e-03
8.673067593545866552e-03 8.617951923081854440e-03
8.671835422199018067e-03 8.545721741652197168e-03
8.690945972159752272e-03 8.675435841653280494e-03
8.688731131148293499e-03 8.524671251889520684e-03
8.672512927050061993e-03 8.824484739542655040e-03
8.679816384888808245e-03 8.658146552414083472e-03
8.687010914818226598e-03 8.561385100367600864e-03
8.673178747976852468e-03 8.617823731700212722e-03
8.680980591319012452e-03 8.651856895153488963e-03
8.666682839710039554e-03 8.733040541118279598e-03
8.674007219821852632e-03 8.556682400738266706e-03
8.680558098473567519e-03 8.512802310997323249e-03
8.676418449732331215e-03 8.582822678718069961e-03
8.667706203696067674e-03 8.672198918646033261e-03
8.672812695855080384e-03 8.569509308917030305e-03
8.676318259986940534e-03 8.593824290569656785e-03
8.671853420181598049e-03 8.529962198800212711e-03
8.682245738240886718e-03 8.633992613227146201e-03
8.673221883726050727e-03 8.674145547225816169e-03
8.681066367802362654e-03 8.774385728949644567e-03
8.670231237219034812e-03 8.949959915098016847e-03
8.688451306265415619e-03 8.703336748199739029e-03
8.663488624573808042e-03 8.559486421098942005e-03
8.669161578008031943e-03 8.642471322047059687e-03
8.673765965031788802e-03 8.715335240712301923e-03
8.676468270323048348e-03 8.533410869930866879e-03
8.672293494502469544e-03 8.690932037691325926e-03
8.672580110931551317e-03 8.573531801074316810e-03
8.669126682046350910e-03 8.821565891742686599e-03
8.669651953235320979e-03 8.573434490591847965e-03
8.676425005642534813e-03 8.534613116897783042e-03
8.669648304782055781e-03 8.582223228662545431e-03
8.680015801007421108e-03 8.583458220773420785e-03
8.675266156830443651e-03 8.516324730557259248e-03
8.675647195697879649e-03 8.570636566013792659e-03
