1.999343782663345337e-01
1.999051421880722046e-01
1.998425275087356567e-01
1.997772306203842163e-01
1.997333168983459473e-01
1.997152566909790039e-01
1.997193843126296997e-01
1.997382491827011108e-01
1.997652202844619751e-01
1.997949481010437012e-01
1.998204588890075684e-01
1.998348683118820190e-01
1.998415440320968628e-01
1.998535245656967163e-01
1.998778879642486572e-01
1.999077498912811279e-01
1.999338269233703613e-01
1.999559700489044189e-01
1.999717950820922852e-01
1.999735683202743530e-01
1.999614983797073364e-01
1.999479681253433228e-01
1.999423801898956299e-01
1.999393999576568604e-01
1.999299228191375732e-01
1.999127715826034546e-01
1.998940259218215942e-01
1.998762041330337524e-01
1.998599469661712646e-01
1.998467594385147095e-01
1.998356133699417114e-01
1.998244822025299072e-01
1.998145431280136108e-01
1.998074501752853394e-01
1.998001188039779663e-01
1.997880190610885620e-01
1.997773796319961548e-01
1.997819840908050537e-01
1.998065263032913208e-01
1.998423039913177490e-01
1.998803764581680298e-01
1.999179124832153320e-01
1.999489068984985352e-01
1.999628841876983643e-01
1.999605149030685425e-01
1.999520659446716309e-01
1.999447941780090332e-01
1.999356746673583984e-01
1.999188959598541260e-01
1.998988091945648193e-01
1.998826414346694946e-01
1.998689919710159302e-01
1.998518407344818115e-01
1.998296827077865601e-01
1.998073756694793701e-01
1.997907310724258423e-01
1.997845470905303955e-01
1.997882425785064697e-01
1.997949033975601196e-01
1.997981965541839600e-01
1.997995972633361816e-01
1.998052448034286499e-01
1.998178809881210327e-01
1.998361796140670776e-01
1.998621374368667603e-01
1.998981833457946777e-01
1.999366581439971924e-01
1.999646127223968506e-01
1.999768167734146118e-01
1.999799758195877075e-01
1.999791562557220459e-01
1.999718546867370605e-01
1.999596208333969116e-01
1.999488621950149536e-01
1.999400705099105835e-01
1.999254822731018066e-01
1.999014616012573242e-01
1.998746246099472046e-01
1.998530328273773193e-01
1.998409330844879150e-01
1.998380869626998901e-01
1.998413652181625366e-01
1.998428404331207275e-01
1.998354643583297729e-01
1.998221725225448608e-01
1.998083442449569702e-01
1.997967660427093506e-01
1.997941285371780396e-01
1.998105496168136597e-01
1.998491883277893066e-01
1.998993903398513794e-01
1.999449282884597778e-01
1.999799162149429321e-01
2.000089436769485474e-01
2.000289857387542725e-01
2.000316381454467773e-01
2.000170201063156128e-01
1.999936848878860474e-01
1.999676525592803955e-01
1.999397575855255127e-01
1.999103426933288574e-01
1.998677849769592285e-01
1.998102962970733643e-01
1.997540891170501709e-01
1.997185051441192627e-01
1.997168958187103271e-01
1.997470855712890625e-01
1.997963935136795044e-01
1.998459398746490479e-01
1.998835653066635132e-01
1.999050825834274292e-01
1.999117881059646606e-01
1.999102383852005005e-01
1.999058872461318970e-01
1.999016255140304565e-01
1.998997777700424194e-01
1.999060511589050293e-01
1.999239921569824219e-01
1.999474167823791504e-01
1.999688446521759033e-01
1.999853998422622681e-01
1.999966353178024292e-01
2.000020444393157959e-01
2.000035196542739868e-01
2.000057399272918701e-01
2.000109553337097168e-01
2.000163346529006958e-01
2.000173926353454590e-01
2.000119686126708984e-01
1.999998837709426880e-01
1.999825984239578247e-01
1.999631524085998535e-01
1.999441534280776978e-01
1.999272555112838745e-01
1.999147832393646240e-01
1.999087929725646973e-01
1.999109685420989990e-01
1.999210119247436523e-01
1.999349594116210938e-01
1.999487727880477905e-01
1.999615132808685303e-01
1.999731361865997314e-01
1.999810338020324707e-01
1.999828666448593140e-01
1.999829113483428955e-01
1.999870687723159790e-01
1.999974697828292847e-01
2.000129073858261108e-01
2.000303268432617188e-01
2.000444233417510986e-01
2.000492662191390991e-01
2.000438123941421509e-01
2.000315636396408081e-01
2.000170201063156128e-01
2.000059038400650024e-01
2.000009119510650635e-01
1.999987810850143433e-01
1.999956071376800537e-01
1.999896317720413208e-01
1.999823153018951416e-01
1.999769806861877441e-01
1.999769508838653564e-01
1.999798417091369629e-01
1.999830454587936401e-01
1.999876946210861206e-01
1.999945342540740967e-01
2.000002115964889526e-01
2.000006288290023804e-01
1.999969333410263062e-01
1.999935060739517212e-01
1.999935954809188843e-01
1.999969184398651123e-01
2.000019997358322144e-01
2.000070661306381226e-01
2.000075876712799072e-01
2.000007182359695435e-01
1.999889016151428223e-01
1.999768614768981934e-01
1.999701410531997681e-01
1.999708712100982666e-01
1.999768018722534180e-01
1.999824643135070801e-01
1.999837756156921387e-01
1.999818235635757446e-01
1.999804824590682983e-01
1.999814510345458984e-01
1.999835520982742310e-01
1.999853104352951050e-01
1.999869197607040405e-01
1.999871283769607544e-01
1.999860554933547974e-01
1.999861001968383789e-01
1.999900490045547485e-01
1.999980360269546509e-01
2.000068724155426025e-01
2.000159323215484619e-01
2.000254839658737183e-01
2.000321149826049805e-01
2.000328600406646729e-01
2.000299245119094849e-01
2.000275552272796631e-01
2.000280469655990601e-01
2.000253796577453613e-01
2.000119835138320923e-01
1.999889761209487915e-01
1.999661922454833984e-01
1.999477446079254150e-01
1.999332010746002197e-01
1.999242156744003296e-01
1.999215185642242432e-01
1.999234557151794434e-01
1.999301761388778687e-01
1.999412626028060913e-01
1.999527812004089355e-01
1.999655067920684814e-01
1.999815553426742554e-01
2.000002115964889526e-01
2.000168114900588989e-01
2.000254839658737183e-01
2.000290006399154663e-01
2.000339329242706299e-01
2.000418305397033691e-01
2.000483721494674683e-01
2.000492811203002930e-01
2.000445574522018433e-01
2.000340968370437622e-01
2.000156193971633911e-01
1.999907791614532471e-01
1.999648660421371460e-01
1.999423354864120483e-01
1.999252587556838989e-01
1.999150961637496948e-01
1.999114453792572021e-01
1.999120563268661499e-01
1.999159455299377441e-01
1.999236345291137695e-01
1.999311298131942749e-01
1.999314576387405396e-01
1.999275535345077515e-01
1.999317258596420288e-01
1.999521106481552124e-01
1.999852657318115234e-01
2.000221610069274902e-01
2.000547498464584351e-01
2.000771462917327881e-01
2.000844776630401611e-01
2.000765502452850342e-01
2.000608742237091064e-01
2.000443786382675171e-01
2.000290900468826294e-01
2.000139206647872925e-01
1.999957263469696045e-01
1.999740451574325562e-01
1.999516338109970093e-01
1.999318152666091919e-01
1.999181658029556274e-01
1.999136656522750854e-01
1.999178677797317505e-01
1.999286115169525146e-01
1.999436467885971069e-01
1.999583542346954346e-01
1.999680250883102417e-01
1.999721825122833252e-01
1.999738812446594238e-01
1.999749392271041870e-01
1.999751329421997070e-01
1.999759972095489502e-01
1.999797970056533813e-01
1.999859958887100220e-01
1.999894678592681885e-01
1.999865174293518066e-01
1.999807953834533691e-01
1.999760717153549194e-01
1.999701708555221558e-01
1.999624222517013550e-01
1.999575346708297729e-01
1.999581754207611084e-01
1.999646574258804321e-01
1.999770104885101318e-01
1.999924182891845703e-01
2.000053524971008301e-01
2.000100761651992798e-01
2.000059038400650024e-01
1.999975442886352539e-01
1.999912112951278687e-01
1.999898254871368408e-01
1.999921947717666626e-01
1.999948769807815552e-01
1.999938189983367920e-01
1.999877542257308960e-01
1.999791562557220459e-01
1.999726891517639160e-01
1.999704390764236450e-01
1.999704241752624512e-01
1.999720484018325806e-01
1.999767869710922241e-01
1.999818682670593262e-01
1.999838650226593018e-01
1.999832689762115479e-01
1.999809741973876953e-01
1.999773681163787842e-01
1.999733746051788330e-01
1.999709904193878174e-01
1.999695748090744019e-01
1.999678313732147217e-01
1.999673247337341309e-01
1.999692618846893311e-01
1.999715715646743774e-01
1.999727785587310791e-01
1.999719291925430298e-01
1.999685317277908325e-01
1.999661028385162354e-01
1.999672353267669678e-01
1.999707221984863281e-01
1.999750882387161255e-01
1.999802142381668091e-01
1.999851912260055542e-01
1.999889761209487915e-01
1.999917328357696533e-01
1.999948918819427490e-01
1.999981701374053955e-01
1.999992132186889648e-01
1.999981552362442017e-01
1.999988108873367310e-01
2.000029832124710083e-01
2.000092417001724243e-01
2.000173032283782959e-01
2.000236511230468750e-01
2.000233680009841919e-01
2.000155001878738403e-01
2.000025957822799683e-01
1.999879777431488037e-01
1.999760568141937256e-01
1.999682188034057617e-01
1.999654024839401245e-01
1.999683827161788940e-01
1.999746412038803101e-01
1.999807059764862061e-01
1.999900639057159424e-01
2.000031322240829468e-01
2.000118643045425415e-01
2.000126391649246216e-01
2.000094801187515259e-01
2.000080645084381104e-01
2.000099122524261475e-01
2.000130563974380493e-01
2.000139504671096802e-01
2.000096738338470459e-01
1.999995112419128418e-01
1.999837756156921387e-01
1.999667882919311523e-01
1.999593377113342285e-01
1.999626010656356812e-01
1.999662816524505615e-01
1.999608427286148071e-01
1.999448090791702271e-01
1.999217718839645386e-01
1.998972892761230469e-01
1.998791545629501343e-01
1.998722702264785767e-01
1.998767256736755371e-01
1.998888850212097168e-01
1.999051421880722046e-01
1.999231278896331787e-01
1.999401897192001343e-01
1.999552398920059204e-01
1.999723315238952637e-01
1.999923288822174072e-01
2.000082880258560181e-01
2.000167220830917358e-01
2.000227272510528564e-01
2.000298202037811279e-01
2.000336945056915283e-01
2.000302076339721680e-01
2.000192105770111084e-01
2.000012099742889404e-01
1.999754458665847778e-01
1.999459266662597656e-01
1.999186724424362183e-01
1.998978406190872192e-01
1.998851746320724487e-01
1.998810917139053345e-01
1.998836845159530640e-01
1.998882293701171875e-01
1.998907923698425293e-01
1.998929679393768311e-01
1.998978257179260254e-01
1.999038755893707275e-01
1.999087929725646973e-01
1.999168545007705688e-01
1.999332755804061890e-01
1.999564170837402344e-01
1.999797523021697998e-01
1.999984830617904663e-01
2.000099122524261475e-01
2.000134885311126709e-01
2.000106126070022583e-01
2.000041455030441284e-01
1.999974101781845093e-01
1.999926567077636719e-01
1.999875158071517944e-01
1.999775618314743042e-01
1.999615281820297241e-01
1.999412775039672852e-01
1.999207437038421631e-01
1.999041885137557983e-01
1.998932659626007080e-01
1.998861730098724365e-01
1.998814493417739868e-01
1.998788118362426758e-01
1.998795866966247559e-01
1.998831629753112793e-01
1.998876780271530151e-01
1.998951584100723267e-01
1.999111175537109375e-01
1.999350637197494507e-01
1.999605894088745117e-01
1.999823898077011108e-01
1.999998241662979126e-01
2.000128477811813354e-01
2.000189125537872314e-01
2.000186443328857422e-01
2.000162303447723389e-01
2.000131458044052124e-01
2.000068128108978271e-01
1.999950259923934937e-01
1.999781429767608643e-01
1.999577879905700684e-01
1.999345868825912476e-01
1.999100446701049805e-01
1.998880654573440552e-01
1.998714059591293335e-01
1.998611986637115479e-01
1.998540312051773071e-01
1.998478472232818604e-01
1.998434215784072876e-01
1.998415142297744751e-01
1.998436748981475830e-01
1.998523920774459839e-01
1.998705267906188965e-01
1.998949348926544189e-01
1.999221146106719971e-01
1.999489963054656982e-01
1.999708265066146851e-01
1.999839991331100464e-01
1.999888271093368530e-01
1.999896764755249023e-01
1.999901384115219116e-01
1.999887824058532715e-01
1.999856531620025635e-01
1.999816447496414185e-01
1.999740898609161377e-01
1.999610811471939087e-01
1.999444365501403809e-01
1.999276578426361084e-01
1.999140828847885132e-01
1.999053955078125000e-01
1.999013274908065796e-01
1.998996734619140625e-01
1.998995840549468994e-01
1.999007463455200195e-01
1.999029219150543213e-01
1.999065876007080078e-01
1.999112367630004883e-01
1.999178230762481689e-01
1.999294310808181763e-01
1.999442279338836670e-01
1.999564170837402344e-01
1.999624073505401611e-01
1.999654918909072876e-01
1.999708712100982666e-01
1.999810338020324707e-01
1.999935060739517212e-01
2.000042498111724854e-01
2.000116854906082153e-01
2.000148296356201172e-01
2.000105232000350952e-01
1.999968886375427246e-01
1.999746710062026978e-01
1.999482512474060059e-01
1.999219208955764771e-01
1.998981684446334839e-01
1.998781710863113403e-01
1.998635828495025635e-01
1.998554468154907227e-01
1.998546421527862549e-01
1.998598277568817139e-01
1.998678147792816162e-01
1.998786926269531250e-01
1.998956203460693359e-01
1.999193578958511353e-01
1.999448835849761963e-01
1.999691873788833618e-01
1.999941319227218628e-01
2.000187188386917114e-01
2.000383585691452026e-01
2.000482976436614990e-01
2.000480741262435913e-01
2.000413537025451660e-01
2.000292986631393433e-01
2.000120133161544800e-01
1.999906599521636963e-01
1.999673247337341309e-01
1.999454647302627563e-01
1.999263316392898560e-01
1.999083459377288818e-01
1.998909115791320801e-01
1.998744010925292969e-01
1.998627781867980957e-01
1.998598873615264893e-01
1.998646557331085205e-01
1.998725086450576782e-01
1.998820453882217407e-01
1.998931467533111572e-01
1.999059468507766724e-01
1.999208182096481323e-01
1.999378651380538940e-01
1.999575644731521606e-01
1.999795436859130859e-01
2.000013291835784912e-01
