# Training_Loss,Validation_Loss
9.924055521304790684e-02 4.568111204675266018e-02
3.791252738581253612e-02 3.504093044570514431e-02
3.305009107750195990e-02 3.162653371691703796e-02
3.067060266263210017e-02 2.971687540411949158e-02
2.923226041289476301e-02 2.795698653374399309e-02
2.724012044759897139e-02 2.639177654470716353e-02
2.651361598131748293e-02 2.563974633812904358e-02
2.443963031356151394e-02 2.347168725516115065e-02
2.297371912461060664e-02 2.982106991112232208e-02
4.179258895321534550e-02 2.479443566075393082e-02
2.186937974049494790e-02 1.922268021319593553e-02
1.737343537836120652e-02 1.526264487100499091e-02
1.302346365096477415e-02 1.052255569291966376e-02
8.977049746765540864e-03 8.219888433814048767e-03
6.456925103870721563e-03 5.035378970205783844e-03
4.856207999042593849e-03 3.270589081304414118e-03
3.310696803964674473e-03 2.077987883239984512e-03
1.804175070272042184e-03 1.241281395778059959e-03
1.300515739086012361e-03 8.785175741650164127e-04
1.011249591381503969e-03 5.834561805906039863e-04
6.562945625494018926e-04 8.651450542466980606e-04
8.963649541748544428e-04 4.407243977766484022e-04
5.013349884673237071e-04 7.081755902618169785e-04
7.827294309838459625e-04 1.116640516556799412e-03
5.432583308832433528e-04 3.346622979734092951e-04
6.923218898009508848e-04 3.601157555489668057e-04
4.132268995118255840e-04 5.004491623757141442e-04
6.385727465385571122e-04 4.595051910395601198e-04
3.581586620734574953e-04 1.091446744145027322e-03
6.739019277469756762e-04 3.854089840647897318e-04
2.925253368000714700e-04 5.505576846189796925e-04
5.996873223921284080e-04 5.734062204802674442e-04
5.138331706313273165e-04 3.188244507847619986e-04
3.301415221917872568e-04 1.405232253351381940e-03
4.865654135266175720e-04 3.039673028979450464e-04
5.343286130272855480e-04 1.993455495851646460e-04
3.039551391758812818e-04 2.444886777084320784e-04
1.882165183465426379e-04 2.331482246518135071e-04
6.466333943535573781e-04 4.362099238538316086e-04
3.509737770610417353e-04 2.401856306408132709e-04
3.184797214299368785e-04 1.574982988781162578e-03
5.752176870233737839e-04 2.267058859745572604e-04
2.052727963578385823e-04 1.679075524277453028e-04
1.581621170491696675e-04 3.802073188126087189e-04
5.845812332923882616e-04 1.767841334055577122e-04
1.437792813633747581e-04 1.459129707654938102e-04
4.149071380827361127e-04 8.451246540062129498e-04
4.070301855300875607e-04 1.098654673634363014e-04
1.211663945398938229e-04 1.076324479072354734e-04
2.301704032736149957e-04 1.554750987062496767e-03
3.927073017761218928e-04 9.923975656939936342e-05
1.224997073362688830e-04 9.467740164836868644e-05
3.740897554962430149e-04 9.123498540637749047e-04
4.082079895642191990e-04 8.527916361344978213e-05
9.709501654679815669e-05 8.702686422371439152e-05
8.428943608753167822e-05 1.366252545267343521e-04
3.690235118063775596e-04 1.892989987806816302e-04
1.083200264614648481e-04 6.922855287224852032e-05
3.375357071210881104e-04 1.281277858652174473e-03
6.362166907190560565e-04 1.909874263219535351e-04
1.260339701660156432e-04 8.335809252457693219e-05
6.602553898679056185e-05 5.944008756029818449e-05
5.739416785497898692e-05 5.503883221535943449e-05
5.580587723950604433e-05 8.462360710836946964e-05
3.250882663661076801e-04 8.414425142940931506e-05
2.955073404546755479e-04 4.467930411919951439e-04
1.214280265020743830e-04 7.468710100511088967e-05
6.406612024315669221e-05 1.442686791831095420e-04
4.425127334308434504e-04 4.896058037827190254e-05
6.924638798339471403e-05 4.762519841148916874e-05
4.301428858665391438e-05 4.002373368296373394e-05
3.304520774131211201e-04 6.734564667567610741e-04
2.124277458418733736e-04 4.168155646766535938e-05
4.600955407323244412e-05 4.010128447719450798e-05
2.877712676518757941e-04 1.109563961758145171e-03
2.085182347330443743e-04 5.882616772266503665e-05
4.338787416949903866e-05 3.455024489085189998e-05
3.375316835165274805e-05 3.958853631047531962e-05
3.612556040304927747e-04 3.402304386587014988e-04
9.222433548599768248e-05 3.129443575744517148e-05
3.851132714771665633e-05 9.657717496988229937e-05
3.813866678683552891e-04 9.528297315617757649e-04
2.463162255970438716e-04 6.408466288121417165e-05
3.810063264189431353e-05 2.712233435886446387e-05
2.643788075846924401e-05 2.510967169655486941e-05
4.264252556123000954e-05 2.838090918625572130e-04
6.396566254457306368e-04 1.980824454221874475e-04
7.883510583129603780e-05 3.425208706175908446e-05
2.853966165835467825e-05 2.418321855657268316e-05
2.301841127169050003e-05 2.213431408953121053e-05
2.211258337271059635e-05 2.868203046091366559e-05
3.556358602649057851e-04 1.950224125591505967e-04
6.666313304147199930e-05 3.785945539545666668e-05
2.757624028722952778e-05 5.131313810124993324e-05
5.405868856681850763e-04 3.027360825009444608e-05
7.490733374792258822e-05 4.201706230690303948e-05
2.423567744139850413e-05 2.047197865197501496e-05
1.901997809629672344e-05 1.822075682866852731e-05
1.782336130418116227e-05 1.738931132422294468e-05
1.714967940922808697e-05 1.854900957758737849e-05
2.972506378612776740e-04 7.860664544360977798e-04
4.757117218944656185e-04 9.194357595073856897e-05
3.648530162955956625e-05 1.779277798570027454e-05
1.796708987128043365e-05 1.645449239211822050e-05
1.592214777282116844e-05 1.549962715736390902e-05
1.518480932925460723e-05 1.488196098112634323e-05
1.462578694162612735e-05 1.436381535313557833e-05
1.688081738393520936e-05 6.836231581733695679e-05
6.380570520587542597e-04 1.931316676616136633e-04
5.981620744513258247e-05 3.227765046176500618e-05
1.869236740066508717e-05 1.499384429085434354e-05
1.458923046671910745e-05 1.420413978589099892e-05
1.863575403848909194e-04 2.626557252369821072e-04
8.707716733624693006e-05 1.718367301301831259e-05
1.788135138597751219e-05 1.336948662356007844e-05
1.450139374215863248e-05 2.821473260285399274e-05
4.946769491093269298e-04 2.539678867573717043e-04
7.223435355067173039e-05 1.672859252721536905e-05
1.689862032295563030e-05 1.418210363876174264e-05
1.289497458856203593e-05 1.244059590784932547e-05
1.212838973375395474e-05 1.188154237752314657e-05
1.168636684339547178e-05 1.149068897835344947e-05
1.134808007918763906e-05 1.145581596314773955e-05
2.639710805152180252e-04 8.653822670956807942e-04
3.973621831811704900e-04 3.357356451618086305e-05
2.666772269759139092e-05 1.681651727787019564e-05
1.266153615758342317e-05 1.143291969388623661e-05
1.105210332333137190e-05 1.078737035900953165e-05
1.060788764124691441e-05 1.043768861563876271e-05
1.030066554309227107e-05 1.015837551676668227e-05
1.004102163138808285e-05 9.963618140318430960e-06
4.122171831463325052e-04 1.056402117163608175e-04
2.062053118396971261e-04 1.418323881807737052e-05
2.272572076505569559e-05 2.106038872235720856e-05
1.274582984408950150e-04 7.485470892528869695e-05
2.383684124232296741e-05 1.486336181447508684e-05
1.103944368179117375e-05 9.905931489941264176e-06
9.672326506496085102e-06 9.496343279481931263e-06
9.348387685839463273e-06 9.218350896844640374e-06
9.121741990943868625e-06 9.072839930013287812e-06
2.207144367765487411e-04 2.063461346551775932e-03
4.343996501679961821e-04 9.598531947371416277e-05
2.746385129844734172e-05 1.320599585596937686e-05
1.082116957080031166e-05 9.628446475419747316e-06
9.342056658239856858e-06 9.101591656092620128e-06
8.938811053947294587e-06 8.790049832896329463e-06
8.735670200202059248e-06 9.352674169349484146e-06
5.113158814100853596e-04 3.376087448227086470e-04
1.212438571830996517e-04 3.419925633352249861e-05
1.615086792018980856e-05 1.029613317119323588e-05
9.434387371024618876e-06 8.799112038104794919e-06
8.666642560666123197e-06 8.490343134326394647e-06
8.368111314037098074e-06 8.244936907431110740e-06
8.144011154889505604e-06 8.040515240281820297e-06
7.952787270299337309e-06 7.861633873419901961e-06
7.782867494545196659e-06 7.700403330090921372e-06
7.628432443268068714e-06 7.555970114481169730e-06
3.926010113341013184e-04 1.260233810171484947e-03
4.639262617554497565e-04 1.368259711723242603e-04
3.693280954254217810e-05 1.608962156751658767e-05
1.055100430956092526e-05 8.899353945577917016e-06
8.372861464942196136e-06 8.073607205005828291e-06
7.906778871704143948e-06 7.756637257573726260e-06
7.646679740411435006e-06 7.536445536970859393e-06
7.446885757207593073e-06 7.355276920861797407e-06
7.277940382594421858e-06 7.197609582882640254e-06
7.128155245412087420e-06 7.055354217300191522e-06
7.055936923559504086e-06 8.058926271457624949e-06
2.885044839856093762e-04 3.512448529363609850e-05
4.253871734013396042e-05 1.776310611083837347e-05
9.613592125718310911e-06 7.167221091159652289e-06
7.071774147194586466e-06 7.117226297331009689e-06
2.043965950388855414e-04 1.211717841215431690e-03
2.014578623087660239e-04 3.236444172216579318e-05
1.691854255953400578e-05 1.054161735477724173e-05
7.712173380871088720e-06 7.067482783895684406e-06
6.829807961576779249e-06 6.683405964784989763e-06
6.589342354765483862e-06 6.502084878385565546e-06
6.430396926869154432e-06 6.357269350181533653e-06
6.294647671613627589e-06 6.229145063636158895e-06
6.171702755007292600e-06 6.111090442573186010e-06
6.057178867334956531e-06 6.000066670302268747e-06
6.585568843757545452e-06 1.793593219190370291e-05
7.391211612719836418e-04 1.045822209562174976e-04
7.284695080810566999e-05 3.071218088734894991e-05
1.273512872593038624e-05 7.500619696137229610e-06
7.406713533642827305e-06 6.885399216116638854e-06
6.683577357062648858e-06 6.498482954547009129e-06
6.379742112235712715e-06 6.262765899529247847e-06
6.171885003753302039e-06 6.080379015267161023e-06
6.018882826398252282e-06 6.140564372409633663e-06
1.811585126198714127e-04 1.633940410101786256e-04
4.493217184412619838e-05 6.539423403799966607e-06
8.187618609903998693e-06 6.703198843232323113e-06
5.940475812866889995e-06 5.729759842714494723e-06
5.642777401030448369e-06 5.571948414789014194e-06
5.514124058418718974e-06 5.455215614347252995e-06
5.416067674209793926e-06 5.520923878066241741e-06
1.303583728888322939e-04 1.223719425200085439e-04
3.552491611676837044e-05 8.380372491956222802e-06
7.136243714110325546e-06 5.310001272716492826e-06
5.296589419091245863e-06 5.134898856340441853e-06
1.270124418904463158e-05 1.074584153164843422e-04
3.459570643826737069e-04 8.756839088164269924e-05
2.532811406406556119e-05 6.647732334386091679e-06
6.815771415019228703e-06 5.590999145559700835e-06
5.308434765538549982e-06 5.111610789754195139e-06
5.047753819990947719e-06 4.973160100364891401e-06
4.914780639900038266e-06 4.854714981255321461e-06
4.803156081414692352e-06 4.749005256599048153e-06
5.321389782973430575e-06 1.546468593005556613e-05
2.118783552130200560e-04 6.641107756877318025e-05
2.116398629298670865e-05 8.624249858257826418e-06
5.985437225647799091e-06 5.141086603543953970e-06
8.047591147540236094e-05 6.886670515606445461e-04
1.903148214086496158e-04 3.737118822755292058e-05
1.333625197310958898e-05 4.900828571408055723e-06
5.262980179255604516e-06 4.772148193816454452e-06
4.635668434415352759e-06 4.525483226253916812e-06
4.471460495271738163e-06 4.417570445574321482e-06
2.217661312897689641e-05 1.539300553434129156e-04
5.953955944558121720e-05 1.760315717547200620e-05
7.658866951924910561e-06 9.115454304264858365e-06
1.592619957171756548e-04 9.798963583307340741e-05
4.029865508178213338e-05 5.026944563724100590e-06
6.370877827066578902e-06 4.919937120056212578e-06
4.326617569789120348e-06 4.167514881763574365e-06
4.068364240503377033e-06 4.005291430075885728e-06
3.976378890841330753e-06 4.165905920672230422e-06
1.697206603239465039e-04 8.711437112651765347e-05
8.956504734669579193e-05 2.861197000519106285e-05
1.095138159493776947e-05 5.747392281461673269e-06
4.810532345800311305e-06 9.046769134459151560e-06
2.478058692689116566e-04 2.421666769285885738e-05
3.822909827879182539e-05 4.616405931301414967e-06
6.315952480060961553e-06 4.237713255861308426e-06
4.093868448343038807e-06 3.894546288003246602e-06
3.962565187975997105e-06 5.611820077839573216e-06
1.269773028805222721e-04 7.153521437430754304e-05
1.961171348669337757e-05 6.902267549386513722e-06
4.792325888467110446e-06 3.892905104813897353e-06
3.704518637557787303e-06 3.600419826657993404e-06
3.557001176746920455e-06 3.558473541228782700e-06
1.500909304293320174e-04 1.018880301022103948e-03
1.728540529221880709e-04 4.798057489097118378e-05
1.299098020214072497e-05 4.497632354676690582e-06
4.271492816070139284e-06 3.695145518837047426e-06
3.619247877395537216e-06 3.519487303752352169e-06
3.466997834668570716e-06 3.413096010262961499e-06
5.532508663026629605e-06 3.468480281298980117e-05
2.511318217120088591e-05 4.383104104428119328e-06
7.794726768504636099e-05 9.319648467810890310e-06
2.377582128386935447e-05 4.361589617474237457e-06
4.686767152424391483e-06 3.465639305691833293e-06
3.255037925625331814e-06 3.148727078691341297e-06
1.605770895156848131e-04 9.788331808522343636e-04
