5.046522617340087891e-02
1.036475449800491333e-01
1.460147649049758911e-02
3.889805078506469727e-02
1.635960638523101807e-01
2.840625643730163574e-01
2.586238086223602295e-01
2.578159868717193604e-01
2.901007831096649170e-01
2.696056663990020752e-01
1.122442483901977539e-01
1.487683951854705811e-01
1.408406645059585571e-01
2.670181691646575928e-01
2.716568410396575928e-01
2.168056368827819824e-01
1.904700100421905518e-01
3.237586617469787598e-01
3.312321305274963379e-01
3.410078585147857666e-01
3.201954364776611328e-01
3.018601238727569580e-01
3.540327548980712891e-01
2.227227538824081421e-01
2.086669504642486572e-01
2.384212166070938110e-01
1.898778676986694336e-01
2.309427261352539062e-01
1.660310924053192139e-01
2.110988646745681763e-01
2.048568725585937500e-01
1.140933036804199219e-01
1.569471061229705811e-01
1.630435138940811157e-01
2.512259483337402344e-01
2.063487619161605835e-01
6.975586712360382080e-02
5.551771819591522217e-02
5.161366984248161316e-02
1.491616219282150269e-01
2.820097208023071289e-01
2.570702433586120605e-01
1.041581779718399048e-01
1.256634593009948730e-01
6.946207582950592041e-02
7.682418823242187500e-02
2.173256501555442810e-02
4.019136726856231689e-02
-6.302012503147125244e-02
-3.288505226373672485e-02
6.840837001800537109e-02
2.779394388198852539e-03
5.084412172436714172e-02
6.550019234418869019e-02
2.517401427030563354e-02
1.564534753561019897e-02
-2.782047167420387268e-02
-7.719038426876068115e-02
-7.530812174081802368e-02
-1.527132689952850342e-01
-1.021323949098587036e-01
-1.067801713943481445e-01
-3.375766426324844360e-02
-1.019568219780921936e-01
5.189050734043121338e-02
1.523494869470596313e-01
1.364259123802185059e-01
1.763841211795806885e-01
1.069374382495880127e-01
1.332017928361892700e-01
-2.293385565280914307e-02
-7.862061262130737305e-03
3.189953975379467010e-03
-4.881641268730163574e-02
-4.621135070919990540e-02
-1.667357385158538818e-01
-5.705382674932479858e-02
-2.206574380397796631e-02
-8.977662771940231323e-02
-2.015420496463775635e-01
-1.646047234535217285e-01
-2.083685696125030518e-01
-1.803924739360809326e-01
-1.526298969984054565e-01
-1.232254803180694580e-01
4.717276990413665771e-02
4.012466222047805786e-02
9.053626656532287598e-02
1.245515942573547363e-01
-1.093567907810211182e-02
-1.331293731927871704e-01
-1.521074473857879639e-01
-1.775639355182647705e-01
-2.401802092790603638e-01
-1.894536912441253662e-01
-2.238764762878417969e-01
-4.202131628990173340e-01
-3.571480810642242432e-01
-2.547275424003601074e-01
-1.781165748834609985e-01
-2.061238139867782593e-01
-2.131747305393218994e-01
-1.478861570358276367e-01
-2.409573793411254883e-01
-2.124567776918411255e-01
-4.268604516983032227e-01
-3.337134122848510742e-01
-3.768168985843658447e-01
-3.165973126888275146e-01
-2.074846774339675903e-01
-2.387846112251281738e-01
-2.369582206010818481e-01
-2.450548708438873291e-01
-3.027632832527160645e-01
-3.018918037414550781e-01
-2.925311625003814697e-01
-2.653051018714904785e-01
-2.866466641426086426e-01
-2.357926070690155029e-01
-1.038573160767555237e-01
4.098504781723022461e-03
5.714852735400199890e-02
1.027613878250122070e-01
7.259291410446166992e-02
8.912025392055511475e-02
1.796313375234603882e-02
1.261539850383996964e-02
-2.725193649530410767e-02
6.235476583242416382e-02
9.116373211145401001e-02
9.646207839250564575e-02
8.454875648021697998e-02
1.265767514705657959e-01
3.494637459516525269e-02
-2.353739738464355469e-02
-4.731028527021408081e-02
-1.158462613821029663e-01
-1.484762728214263916e-01
-1.528359651565551758e-01
-2.170127630233764648e-01
-1.446691155433654785e-01
-1.914635300636291504e-01
-2.116247713565826416e-01
-1.946627199649810791e-01
-2.549291849136352539e-01
-2.838892936706542969e-01
-2.876836955547332764e-01
-2.758926451206207275e-01
-1.744970083236694336e-01
-2.880697846412658691e-01
-2.751747667789459229e-01
-2.659150362014770508e-01
-1.994996964931488037e-01
-2.312376946210861206e-01
-2.562750577926635742e-01
-2.806845903396606445e-01
-2.779422402381896973e-01
-3.432916998863220215e-01
-2.691724300384521484e-01
-1.996527761220932007e-01
-1.264595389366149902e-01
-1.588724702596664429e-01
-4.774343967437744141e-02
-4.993136227130889893e-02
6.836842000484466553e-02
6.358177959918975830e-02
7.563404738903045654e-03
3.161225467920303345e-03
2.283215522766113281e-02
4.916594550013542175e-02
4.251383244991302490e-02
-3.122650459408760071e-02
-1.844770759344100952e-01
-3.049300611019134521e-01
-3.491171300411224365e-01
-3.814026415348052979e-01
-3.424707651138305664e-01
-2.983514368534088135e-01
-2.364277839660644531e-01
-2.121661603450775146e-01
-1.920580863952636719e-01
-2.152080833911895752e-01
-1.214007511734962463e-01
-1.118497177958488464e-01
-1.108146086335182190e-01
-2.031375765800476074e-01
-1.085448712110519409e-01
-6.773285567760467529e-02
6.135441362857818604e-03
-9.935576468706130981e-03
2.018474042415618896e-03
-4.884749650955200195e-02
-5.478740483522415161e-02
-1.080060005187988281e-01
-1.307856589555740356e-01
-1.096943244338035583e-01
-2.744077444076538086e-01
-2.457618862390518188e-01
-2.750049531459808350e-01
-1.936238408088684082e-01
-1.029148548841476440e-01
-9.773297607898712158e-02
-6.639881432056427002e-02
-6.855792552232742310e-02
-6.226299703121185303e-02
-1.936535239219665527e-01
-1.588561087846755981e-01
-8.527328819036483765e-02
-2.363038063049316406e-01
-2.314480245113372803e-01
-2.351011782884597778e-01
-2.321045845746994019e-01
-2.813397943973541260e-01
-3.254473805427551270e-01
-2.754669785499572754e-01
-2.599132657051086426e-01
-2.395019531250000000e-01
-1.848832517862319946e-01
-1.569318622350692749e-01
-2.153970003128051758e-01
-2.148127406835556030e-01
-2.308038175106048584e-01
-1.762103289365768433e-01
-1.563683152198791504e-01
8.053928613662719727e-04
-2.819474041461944580e-02
1.118120700120925903e-01
1.347481608390808105e-01
2.324886023998260498e-01
1.615019738674163818e-01
1.827004104852676392e-01
3.034576177597045898e-01
2.395087629556655884e-01
1.573957502841949463e-01
1.652261912822723389e-01
2.236890494823455811e-01
1.822993159294128418e-01
2.848577499389648438e-02
5.408909171819686890e-02
5.734697356820106506e-02
-3.129141777753829956e-02
-1.012841463088989258e-01
-1.374658644199371338e-01
-2.004330307245254517e-01
-1.559130698442459106e-01
-1.375746726989746094e-01
-2.017945647239685059e-01
-1.758193522691726685e-01
-5.276224762201309204e-02
-5.623113736510276794e-02
