7.620756030082702637e-01
6.594599485397338867e-01
4.345309138298034668e-01
1.422789990901947021e-01
-1.663517057895660400e-01
-4.789651036262512207e-01
-7.918545007705688477e-01
-1.046343207359313965e+00
-1.170615077018737793e+00
-1.154031038284301758e+00
-1.079393029212951660e+00
-1.009594440460205078e+00
-9.391339421272277832e-01
-8.435866236686706543e-01
-6.063615083694458008e-01
-3.104691207408905029e-01
-2.041965723037719727e-02
2.028753161430358887e-01
3.667905330657958984e-01
4.672184586524963379e-01
5.262185335159301758e-01
5.536559820175170898e-01
5.523986816406250000e-01
5.130404233932495117e-01
4.172963500022888184e-01
2.530217766761779785e-01
8.765056729316711426e-03
-2.905730009078979492e-01
-5.968676805496215820e-01
-9.062080383300781250e-01
-1.194418668746948242e+00
-1.378180980682373047e+00
-1.476073265075683594e+00
-1.489161133766174316e+00
-1.440185666084289551e+00
-1.373542070388793945e+00
-1.299986243247985840e+00
-1.217261195182800293e+00
-1.119471549987792969e+00
-9.574772119522094727e-01
-6.798455715179443359e-01
-3.916414082050323486e-01
-8.147364854812622070e-02
2.012989223003387451e-01
3.897820413112640381e-01
4.846422374248504639e-01
5.449405312538146973e-01
5.790095925331115723e-01
5.745025873184204102e-01
5.311366319656372070e-01
4.410350918769836426e-01
3.112975955009460449e-01
1.387611776590347290e-01
-8.056631684303283691e-02
-3.738712072372436523e-01
-6.603001356124877930e-01
-8.585034608840942383e-01
-9.712241888046264648e-01
-1.006202936172485352e+00
-9.798522591590881348e-01
-9.205998182296752930e-01
-8.423066735267639160e-01
-7.609428763389587402e-01
-6.842659115791320801e-01
-6.100871562957763672e-01
-4.995796978473663330e-01
-2.473263740539550781e-01
6.461593508720397949e-02
3.766934275627136230e-01
6.878296136856079102e-01
9.471437335014343262e-01
1.105015158653259277e+00
1.166390061378479004e+00
1.158857583999633789e+00
1.094152331352233887e+00
9.714677333831787109e-01
7.968800067901611328e-01
5.650639533996582031e-01
2.821179330348968506e-01
-2.868726849555969238e-02
-3.318703770637512207e-01
-5.749553442001342773e-01
-7.452464103698730469e-01
-8.379154801368713379e-01
-8.670633435249328613e-01
-8.519056439399719238e-01
-8.101919889450073242e-01
-7.550464272499084473e-01
-6.910532712936401367e-01
-6.181928515434265137e-01
-5.223149657249450684e-01
-3.642655014991760254e-01
-1.355440616607666016e-01
1.249508559703826904e-01
3.718076348304748535e-01
5.785009264945983887e-01
7.324821949005126953e-01
8.252646923065185547e-01
8.253239393234252930e-01
7.762073278427124023e-01
6.540991663932800293e-01
3.882679343223571777e-01
7.976609468460083008e-02
-2.331518828868865967e-01
-5.465623140335083008e-01
-8.551189899444580078e-01
-1.065712451934814453e+00
-1.161882281303405762e+00
-1.162291646003723145e+00
-1.114817142486572266e+00
-1.053777456283569336e+00
-9.893478155136108398e-01
-9.224317669868469238e-01
-8.486978411674499512e-01
-7.380363941192626953e-01
-4.624202549457550049e-01
-1.492567360401153564e-01
1.641286015510559082e-01
4.775173068046569824e-01
7.907415628433227539e-01
1.014043331146240234e+00
1.104395270347595215e+00
1.084642767906188965e+00
9.638986587524414062e-01
8.062629103660583496e-01
6.474331617355346680e-01
3.680706918239593506e-01
5.666691064834594727e-02
-2.571228444576263428e-01
-5.709056854248046875e-01
-8.827382326126098633e-01
-1.106391906738281250e+00
-1.230526447296142578e+00
-1.276983380317687988e+00
-1.241207003593444824e+00
-1.178604125976562500e+00
-1.121448516845703125e+00
-1.066460967063903809e+00
-9.834946393966674805e-01
-7.660244107246398926e-01
-4.559417963027954102e-01
-1.426165997982025146e-01
1.707719266414642334e-01
4.839586615562438965e-01
7.798337936401367188e-01
9.508598446846008301e-01
1.000230193138122559e+00
9.391059279441833496e-01
8.080276846885681152e-01
6.220455169677734375e-01
3.417408764362335205e-01
2.974075078964233398e-02
-2.826562225818634033e-01
-5.958119630813598633e-01
-9.074463844299316406e-01
-1.186872243881225586e+00
-1.339720249176025391e+00
-1.406408905982971191e+00
-1.402754664421081543e+00
-1.354917287826538086e+00
-1.296356320381164551e+00
-1.232980608940124512e+00
-1.163785696029663086e+00
-1.082692861557006836e+00
-9.275419712066650391e-01
-6.403253078460693359e-01
-3.318915665149688721e-01
-1.921418309211730957e-02
2.941307127475738525e-01
6.063780188560485840e-01
8.883320093154907227e-01
1.055842995643615723e+00
1.103320479393005371e+00
1.051044583320617676e+00
9.373866319656372070e-01
7.433549761772155762e-01
4.583466351032257080e-01
1.528774201869964600e-01
-1.556472182273864746e-01
-4.672416746616363525e-01
-7.791333198547363281e-01
-1.012079358100891113e+00
-1.134719133377075195e+00
-1.188477754592895508e+00
-1.163147926330566406e+00
-1.099343180656433105e+00
-1.028021454811096191e+00
-9.540792703628540039e-01
-8.594605326652526855e-01
-6.610406637191772461e-01
-3.720635771751403809e-01
-5.891785025596618652e-02
2.544614076614379883e-01
5.669845342636108398e-01
8.634428977966308594e-01
1.062851071357727051e+00
1.141165614128112793e+00
1.118460416793823242e+00
1.018322348594665527e+00
8.899472951889038086e-01
6.161680221557617188e-01
3.026833832263946533e-01
-1.109287142753601074e-02
-3.248707950115203857e-01
-6.377532482147216797e-01
-8.917564153671264648e-01
-1.026943325996398926e+00
-1.066205620765686035e+00
-1.047122359275817871e+00
-1.015438437461853027e+00
-9.782155156135559082e-01
-9.362615346908569336e-01
-8.880768418312072754e-01
-7.878311276435852051e-01
-5.265322923660278320e-01
-2.153111696243286133e-01
9.796366095542907715e-02
4.112990796566009521e-01
7.243558168411254883e-01
1.016246318817138672e+00
1.165104031562805176e+00
1.208724379539489746e+00
1.175029397010803223e+00
1.051779508590698242e+00
8.255028724670410156e-01
5.200330018997192383e-01
2.065505087375640869e-01
-1.072121262550354004e-01
-4.210017621517181396e-01
-7.346392273902893066e-01
-1.026135563850402832e+00
-1.182553052902221680e+00
-1.248503327369689941e+00
-1.229634881019592285e+00
-1.176402211189270020e+00
-1.119305849075317383e+00
-1.061803102493286133e+00
-1.002158880233764648e+00
-9.325783252716064453e-01
-8.096650242805480957e-01
-5.160225629806518555e-01
-2.027167379856109619e-01
1.106179952621459961e-01
4.239436686038970947e-01
7.324330806732177734e-01
9.582914113998413086e-01
1.021883845329284668e+00
9.766702651977539062e-01
8.527319431304931641e-01
7.050496339797973633e-01
