7.620756030082702637e-01
9.089508652687072754e-01
1.014324307441711426e+00
9.263169169425964355e-01
6.069588065147399902e-01
1.006953492760658264e-01
-4.994623363018035889e-01
-1.060472965240478516e+00
-1.439876198768615723e+00
-1.610298633575439453e+00
-1.618540048599243164e+00
-1.481966733932495117e+00
-1.251793384552001953e+00
-1.042223930358886719e+00
-8.718014955520629883e-01
-6.233791708946228027e-01
-1.933495402336120605e-01
3.976836204528808594e-01
9.954866170883178711e-01
1.426693558692932129e+00
1.628315925598144531e+00
1.633614063262939453e+00
1.513523697853088379e+00
1.314844727516174316e+00
1.053765773773193359e+00
7.744378447532653809e-01
4.530194103717803955e-01
7.273311913013458252e-02
-3.337493538856506348e-01
-7.387601137161254883e-01
-1.118163347244262695e+00
-1.444879889488220215e+00
-1.667989134788513184e+00
-1.751581430435180664e+00
-1.774834275245666504e+00
-1.783664345741271973e+00
-1.737453103065490723e+00
-1.629136323928833008e+00
-1.485204458236694336e+00
-1.257974505424499512e+00
-8.706241250038146973e-01
-3.728964626789093018e-01
1.089368462562561035e-01
5.071778297424316406e-01
8.262415528297424316e-01
1.088203430175781250e+00
1.242142915725708008e+00
1.215652346611022949e+00
1.039048790931701660e+00
8.200604319572448730e-01
5.966569781303405762e-01
3.776685595512390137e-01
1.598575264215469360e-01
-8.974213153123855591e-02
-3.528814017772674561e-01
-6.107225418090820312e-01
-8.341260552406311035e-01
-9.795296192169189453e-01
-1.041635155677795410e+00
-1.010140895843505859e+00
-9.097712039947509766e-01
-7.917411923408508301e-01
-6.843073964118957520e-01
-6.074848175048828125e-01
-5.339000225067138672e-01
-3.955605924129486084e-01
-1.686250418424606323e-01
1.598575264215469360e-01
5.639852881431579590e-01
9.298489689826965332e-01
1.125878930091857910e+00
1.139124155044555664e+00
1.035516738891601562e+00
8.957055807113647461e-01
7.564831376075744629e-01
5.840003490447998047e-01
3.900308012962341309e-01
1.916461735963821411e-01
-1.910072192549705505e-02
-2.086551785469055176e-01
-2.987229824066162109e-01
-2.875381112098693848e-01
-2.792966067790985107e-01
-3.378700911998748779e-01
-4.382397830486297607e-01
-5.512660741806030273e-01
-6.448659300804138184e-01
-6.878394484519958496e-01
-6.866620779037475586e-01
-6.687073707580566406e-01
-6.330923438072204590e-01
-5.418471693992614746e-01
-3.799606263637542725e-01
-1.592061966657638550e-01
1.006953492760658264e-01
3.962119221687316895e-01
7.020304203033447266e-01
9.480980038642883301e-01
1.083788394927978516e+00
1.110867619514465332e+00
1.076724290847778320e+00
1.011086583137512207e+00
8.247698545455932617e-01
4.544911086559295654e-01
-5.266776774078607559e-03
-4.806246459484100342e-01
-9.386164546012878418e-01
-1.319491386413574219e+00
-1.547604322433471680e+00
-1.572034478187561035e+00
-1.427808284759521484e+00
-1.223831176757812500e+00
-1.082548379898071289e+00
-1.034571051597595215e+00
-9.686390757560729980e-01
-7.411148548126220703e-01
-3.237418234348297119e-01
1.504386812448501587e-01
5.136532783508300781e-01
7.235171794891357422e-01
8.453735709190368652e-01
8.971772789955139160e-01
8.801056146621704102e-01
8.347774147987365723e-01
8.318340182304382324e-01
8.530263900756835938e-01
8.191773891448974609e-01
6.681813597679138184e-01
3.968006074428558350e-01
5.124635621905326843e-02
-3.096135258674621582e-01
-6.301489472389221191e-01
-8.800429701805114746e-01
-1.072835206985473633e+00
-1.191748261451721191e+00
-1.185861468315124512e+00
-1.080782294273376465e+00
-9.774692654609680176e-01
-8.915221691131591797e-01
-6.745941638946533203e-01
-2.957795858383178711e-01
1.716310977935791016e-01
6.884908080101013184e-01
1.202701449394226074e+00
1.639206528663635254e+00
1.920006155967712402e+00
2.041568279266357422e+00
2.073945522308349609e+00
2.011839866638183594e+00
1.774896860122680664e+00
1.317788004875183105e+00
7.126266360282897949e-01
6.360860168933868408e-02
-5.380207896232604980e-01
-9.998390078544616699e-01
-1.246789693832397461e+00
-1.310072541236877441e+00
-1.300653696060180664e+00
-1.290057539939880371e+00
-1.261801004409790039e+00
-1.189393520355224609e+00
-1.115220069885253906e+00
-1.047227621078491211e+00
-9.112429022789001465e-01
-6.536961197853088379e-01
-2.804739475250244141e-01
1.589745134115219116e-01
6.019550561904907227e-01
1.001962065696716309e+00
1.269516468048095703e+00
1.349576711654663086e+00
1.343689918518066406e+00
1.303365468978881836e+00
1.148248672485351562e+00
8.677433729171752930e-01
5.360230803489685059e-01
2.128385901451110840e-01
-1.032817363739013672e-01
-4.358850717544555664e-01
-7.705487608909606934e-01
-1.040163516998291016e+00
-1.203227400779724121e+00
-1.253559470176696777e+00
-1.217944383621215820e+00
-1.137884140014648438e+00
-1.022503137588500977e+00
-8.871071338653564453e-01
-7.311072945594787598e-01
-5.542094111442565918e-01
-3.411078453063964844e-01
-3.470069915056228638e-02
3.991553187370300293e-01
8.936452269554138184e-01
1.317199349403381348e+00
1.615659356117248535e+00
1.796677947044372559e+00
1.848481655120849609e+00
1.717206358909606934e+00
1.480263352394104004e+00
1.227131605148315430e+00
9.613432288169860840e-01
6.075475215911865234e-01
1.589745134115219116e-01
-2.751758396625518799e-01
-5.939452648162841797e-01
-7.737864851951599121e-01
-8.235298395156860352e-01
-8.170543909072875977e-01
-8.202921152114868164e-01
-8.288279175758361816e-01
-8.043977618217468262e-01
-7.399374842643737793e-01
-7.081488370895385742e-01
-7.634846568107604980e-01
-8.082242012023925781e-01
-6.898998022079467773e-01
-3.743681609630584717e-01
6.449162214994430542e-02
5.692834258079528809e-01
1.067010998725891113e+00
1.443765282630920410e+00
1.623900890350341797e+00
1.612715959548950195e+00
1.452889800071716309e+00
1.203584432601928711e+00
9.216074347496032715e-01
6.428682208061218262e-01
3.844383656978607178e-01
1.218877732753753662e-01
-1.762778609991073608e-01
-4.859227240085601807e-01
-7.396431565284729004e-01
-8.700354099273681641e-01
-8.653259873390197754e-01
-7.690770626068115234e-01
-6.392734646797180176e-01
-5.609792470932006836e-01
-5.718697905540466309e-01
-5.606849193572998047e-01
-3.870247602462768555e-01
-4.882898181676864624e-02
3.764912188053131104e-01
8.265358805656433105e-01
1.180920362472534180e+00
1.336037039756774902e+00
1.312195658683776855e+00
1.219184398651123047e+00
1.142950534820556641e+00
1.099977016448974609e+00
1.046995997428894043e+00
