9.840600937604904175e-02
-1.570999920368194580e-01
-4.260233342647552490e-01
-6.950544714927673340e-01
-9.235594272613525391e-01
-1.049762368202209473e+00
-1.081777215003967285e+00
-9.960972070693969727e-01
-8.446471095085144043e-01
-7.342489957809448242e-01
-6.582118272781372070e-01
-5.508692264556884766e-01
-4.246929883956909180e-01
-2.405969947576522827e-01
-7.211267948150634766e-04
2.428835183382034302e-01
4.466640055179595947e-01
6.037451028823852539e-01
7.040915489196777344e-01
7.186924219131469727e-01
6.610438227653503418e-01
5.767326354980468750e-01
4.912836253643035889e-01
3.889283239841461182e-01
2.478234469890594482e-01
8.155290782451629639e-02
-8.612689375877380371e-02
-2.237827032804489136e-01
-3.219998478889465332e-01
-4.012097418308258057e-01
-4.712183475494384766e-01
-5.234103798866271973e-01
-5.493335723876953125e-01
-5.591891407966613770e-01
-5.675241947174072266e-01
-5.715452432632446289e-01
-5.397595167160034180e-01
-4.136100411415100098e-01
-2.035490721464157104e-01
4.912291467189788818e-02
2.854303121566772461e-01
4.818583130836486816e-01
6.005749702453613281e-01
6.298317909240722656e-01
6.036514043807983398e-01
5.445291399955749512e-01
4.679137468338012695e-01
3.841961622238159180e-01
2.840871512889862061e-01
1.578935831785202026e-01
4.449829459190368652e-03
-1.833941340446472168e-01
-3.984791636466979980e-01
-6.051019430160522461e-01
-7.637296319007873535e-01
-8.408602476119995117e-01
-8.677168488502502441e-01
-8.596864938735961914e-01
-8.261709213256835938e-01
-7.837431430816650391e-01
-7.452915906906127930e-01
-7.002134919166564941e-01
-6.277969479560852051e-01
-4.856662750244140625e-01
-2.529477477073669434e-01
1.286754012107849121e-02
2.615146636962890625e-01
4.311447739601135254e-01
5.175542235374450684e-01
5.278811454772949219e-01
4.727972149848937988e-01
3.648390471935272217e-01
2.463278472423553467e-01
1.338870525360107422e-01
8.584395051002502441e-03
-1.500078588724136353e-01
-3.000347316265106201e-01
-4.292615652084350586e-01
-5.369862318038940430e-01
-6.194531321525573730e-01
-6.833381652832031250e-01
-7.328162193298339844e-01
-7.719613313674926758e-01
-8.046412467956542969e-01
-8.308142423629760742e-01
-8.360546231269836426e-01
-8.036690354347229004e-01
-7.159710526466369629e-01
-5.178509950637817383e-01
-2.516336441040039062e-01
1.957526803016662598e-02
2.734168469905853271e-01
4.804713428020477295e-01
6.295818686485290527e-01
6.952707767486572266e-01
6.431597471237182617e-01
5.278797149658203125e-01
3.788069486618041992e-01
2.023396641016006470e-01
1.382853090763092041e-02
-1.994802951812744141e-01
-4.697431623935699463e-01
-7.403063774108886719e-01
-1.007686853408813477e+00
-1.237707614898681641e+00
-1.188269734382629395e+00
-9.597141146659851074e-01
-6.965652704238891602e-01
-4.347753226757049561e-01
-2.079448252916336060e-01
-5.164833366870880127e-02
3.782432526350021362e-03
7.468566298484802246e-03
-1.147292740643024445e-02
-3.361158072948455811e-02
-4.001912474632263184e-02
-1.598780043423175812e-02
4.299182444810867310e-02
1.280715167522430420e-01
2.332531511783599854e-01
3.483428359031677246e-01
4.537377655506134033e-01
5.315010547637939453e-01
5.781314969062805176e-01
5.929044485092163086e-01
5.817028284072875977e-01
5.563838481903076172e-01
5.036624670028686523e-01
4.193235933780670166e-01
3.273009955883026123e-01
2.236045300960540771e-01
1.280357539653778076e-01
4.986495524644851685e-02
-1.031262800097465515e-02
-4.651952907443046570e-02
-4.593274742364883423e-02
-1.959143392741680145e-02
1.890264265239238739e-02
5.837437510490417480e-02
9.250503778457641602e-02
1.210533380508422852e-01
1.545079499483108521e-01
2.157567292451858521e-01
3.035398125648498535e-01
4.051201641559600830e-01
5.007371306419372559e-01
5.729123353958129883e-01
6.221237182617187500e-01
6.510484814643859863e-01
6.548736095428466797e-01
6.420224308967590332e-01
6.166992783546447754e-01
5.845708250999450684e-01
5.520597100257873535e-01
5.228613018989562988e-01
4.987381100654602051e-01
4.798755645751953125e-01
4.660834670066833496e-01
4.578464031219482422e-01
4.555493295192718506e-01
4.574971199035644531e-01
4.623318910598754883e-01
4.722306728363037109e-01
4.862970113754272461e-01
5.013824105262756348e-01
5.161941647529602051e-01
5.301294922828674316e-01
5.426654815673828125e-01
5.530607104301452637e-01
5.598417520523071289e-01
5.602962970733642578e-01
5.516755580902099609e-01
5.345357060432434082e-01
5.124730467796325684e-01
4.886450171470642090e-01
4.651734828948974609e-01
4.444834291934967041e-01
4.302567541599273682e-01
4.255859553813934326e-01
4.294297099113464355e-01
4.385220706462860107e-01
4.503962993621826172e-01
4.635472893714904785e-01
4.770334959030151367e-01
4.902524650096893311e-01
5.027850866317749023e-01
5.142896175384521484e-01
5.244688391685485840e-01
5.331200361251831055e-01
5.402261614799499512e-01
5.459895730018615723e-01
5.507431626319885254e-01
5.548081994056701660e-01
5.584050416946411133e-01
5.616419911384582520e-01
5.645442605018615723e-01
5.670897364616394043e-01
5.692359805107116699e-01
5.709354877471923828e-01
5.721399784088134766e-01
5.716792345046997070e-01
5.411338210105895996e-01
4.481728672981262207e-01
2.912651896476745605e-01
1.235938817262649536e-01
-2.651475369930267334e-02
-1.341067403554916382e-01
-1.902544796466827393e-01
-2.026509195566177368e-01
-1.831700801849365234e-01
-1.461512744426727295e-01
-1.062837839126586914e-01
-6.454254686832427979e-02
-3.966823220252990723e-03
1.168722361326217651e-01
2.969267964363098145e-01
4.802970886230468750e-01
6.391578912734985352e-01
7.662426233291625977e-01
8.520069718360900879e-01
8.958658576011657715e-01
8.988162279129028320e-01
8.626372814178466797e-01
7.894240021705627441e-01
6.734317541122436523e-01
5.202231407165527344e-01
3.356591463088989258e-01
1.440547853708267212e-01
-1.113933324813842773e-02
-1.261611580848693848e-01
-1.957443505525588989e-01
-2.160628587007522583e-01
-2.055568844079971313e-01
-1.816565990447998047e-01
-1.373971998691558838e-01
-8.086882531642913818e-02
-2.827808633446693420e-02
2.653674781322479248e-02
9.783794730901718140e-02
2.183898538351058960e-01
3.604412674903869629e-01
5.245460271835327148e-01
6.922165155410766602e-01
8.301128149032592773e-01
9.271461963653564453e-01
9.609671831130981445e-01
9.327592253684997559e-01
8.744335770606994629e-01
7.970557212829589844e-01
6.844202280044555664e-01
5.543505549430847168e-01
3.902532458305358887e-01
2.165975570678710938e-01
7.389786839485168457e-02
-1.576867699623107910e-02
-7.086130976676940918e-02
-7.776144146919250488e-02
-4.451966658234596252e-02
-4.094094038009643555e-04
3.354561701416969299e-02
4.940700531005859375e-02
6.341505050659179688e-02
7.150419056415557861e-02
8.604398369789123535e-02
9.522588551044464111e-02
9.889682382345199585e-02
1.204201355576515198e-01
1.490151435136795044e-01
1.737427860498428345e-01
2.039960622787475586e-01
2.240739166736602783e-01
2.503484189510345459e-01
2.911559939384460449e-01
3.258888721466064453e-01
3.588055372238159180e-01
4.004368782043457031e-01
4.410977363586425781e-01
4.616216719150543213e-01
4.628357589244842529e-01
4.448617398738861084e-01
4.198763370513916016e-01
3.964153230190277100e-01
3.740074038505554199e-01
3.603478074073791504e-01
3.596501052379608154e-01
3.683570325374603271e-01
3.797145485877990723e-01
3.915819823741912842e-01
4.033174812793731689e-01
4.136413335800170898e-01
4.210962951183319092e-01
4.251884520053863525e-01
4.263596832752227783e-01
4.248100519180297852e-01
4.201596081256866455e-01
4.118762016296386719e-01
3.989679813385009766e-01
3.802639842033386230e-01
3.564666509628295898e-01
3.297722637653350830e-01
3.040052652359008789e-01
2.839443385601043701e-01
2.636134922504425049e-01
2.443396300077438354e-01
2.276744246482849121e-01
2.155326753854751587e-01
2.098872512578964233e-01
2.112002223730087280e-01
2.176971882581710815e-01
2.271219342947006226e-01
2.380186766386032104e-01
2.496180683374404907e-01
2.615046203136444092e-01
2.734488248825073242e-01
2.853328883647918701e-01
2.971048355102539062e-01
3.087415695190429688e-01
3.202196061611175537e-01
3.314954042434692383e-01
3.424950242042541504e-01
3.531109690666198730e-01
3.632026910781860352e-01
3.725977540016174316e-01
3.810932934284210205e-01
3.884611427783966064e-01
3.944656848907470703e-01
3.989033699035644531e-01
4.016638100147247314e-01
4.027876555919647217e-01
4.024822711944580078e-01
4.010762274265289307e-01
3.989388048648834229e-01
3.964102864265441895e-01
3.937679529190063477e-01
3.912220001220703125e-01
3.889253437519073486e-01
3.869851529598236084e-01
3.854701220989227295e-01
3.844101727008819580e-01
3.837816715240478516e-01
3.834633231163024902e-01
3.831309676170349121e-01
3.820515275001525879e-01
3.788686692714691162e-01
3.720098137855529785e-01
3.613358736038208008e-01
3.487192988395690918e-01
3.359435200691223145e-01
3.236983418464660645e-01
3.120758235454559326e-01
3.008376359939575195e-01
2.892338931560516357e-01
2.750903367996215820e-01
2.497352957725524902e-01
1.847831904888153076e-01
7.579555362462997437e-02
-5.396149307489395142e-02
-1.689158678054809570e-01
-2.295738607645034790e-01
-2.423238307237625122e-01
-2.328190058469772339e-01
-2.097041457891464233e-01
-1.667264848947525024e-01
-9.842579066753387451e-02
5.475588142871856689e-03
1.433672606945037842e-01
3.241288959980010986e-01
5.108880400657653809e-01
6.646961569786071777e-01
7.647121548652648926e-01
8.093279600143432617e-01
8.063974380493164062e-01
7.646347880363464355e-01
6.940174698829650879e-01
5.978809595108032227e-01
4.811864793300628662e-01
3.495261669158935547e-01
2.061557620763778687e-01
5.467346310615539551e-02
-9.067963063716888428e-02
-2.123903930187225342e-01
-3.090254366397857666e-01
-3.671009838581085205e-01
-3.736438453197479248e-01
-3.465729951858520508e-01
-3.112088441848754883e-01
-2.753366231918334961e-01
-2.396941483020782471e-01
-1.966525316238403320e-01
-1.212992668151855469e-01
3.439959883689880371e-02
2.107773125171661377e-01
3.662672638893127441e-01
4.934802651405334473e-01
5.877777934074401855e-01
6.399548053741455078e-01
6.398761868476867676e-01
6.010526418685913086e-01
5.418843030929565430e-01
4.685765504837036133e-01
3.900047242641448975e-01
3.083692491054534912e-01
2.005048990249633789e-01
8.724843710660934448e-02
-3.264955431222915649e-02
-1.325872540473937988e-01
-2.039449810981750488e-01
-2.515081167221069336e-01
-2.659164667129516602e-01
-2.475410997867584229e-01
-2.180831134319305420e-01
-1.994398981332778931e-01
-1.906632930040359497e-01
-1.692592501640319824e-01
-9.315205365419387817e-02
6.169826537370681763e-02
2.588149309158325195e-01
4.493503570556640625e-01
6.178161501884460449e-01
7.431215047836303711e-01
8.028026223182678223e-01
8.123635053634643555e-01
7.781906723976135254e-01
7.150779366493225098e-01
6.315163373947143555e-01
5.253202319145202637e-01
3.839662671089172363e-01
2.202045321464538574e-01
5.417175590991973877e-02
-9.968379139900207520e-02
-2.153292894363403320e-01
-2.884109616279602051e-01
-3.126796185970306396e-01
-2.963368892669677734e-01
-2.655073404312133789e-01
-2.314512431621551514e-01
-1.957388371229171753e-01
-1.566114574670791626e-01
-1.030076742172241211e-01
-2.379097044467926025e-03
1.555747687816619873e-01
3.439137041568756104e-01
5.361487269401550293e-01
6.962283253669738770e-01
8.059828877449035645e-01
8.614752292633056641e-01
8.780280351638793945e-01
8.587481379508972168e-01
8.054352402687072754e-01
7.242408394813537598e-01
6.197156310081481934e-01
4.891500473022460938e-01
3.506370782852172852e-01
2.246990650892257690e-01
1.295450031757354736e-01
6.036662310361862183e-02
1.465379819273948669e-02
-4.216566681861877441e-03
-4.502481780946254730e-03
2.619038801640272141e-03
1.264805905520915985e-02
2.559072896838188171e-02
4.409340023994445801e-02
7.505994290113449097e-02
1.430432796478271484e-01
2.696571350097656250e-01
4.193866252899169922e-01
5.622342824935913086e-01
6.889927983283996582e-01
8.024147748947143555e-01
8.942380547523498535e-01
9.568789601325988770e-01
9.756494760513305664e-01
9.466613531112670898e-01
8.826163411140441895e-01
7.875522375106811523e-01
6.716937422752380371e-01
5.293573737144470215e-01
3.683674931526184082e-01
2.112502008676528931e-01
7.418294250965118408e-02
-2.556452900171279907e-02
-8.342914283275604248e-02
-1.008143126964569092e-01
-8.845411241054534912e-02
-6.375516951084136963e-02
-3.593090921640396118e-02
-3.129415214061737061e-03
4.251859337091445923e-02
1.081585660576820374e-01
2.016498595476150513e-01
3.338073492050170898e-01
4.923101663589477539e-01
6.443546414375305176e-01
7.601428031921386719e-01
8.472521901130676270e-01
8.922124505043029785e-01
9.054803848266601562e-01
9.015443325042724609e-01
8.692387342453002930e-01
8.039024472236633301e-01
7.045884728431701660e-01
5.969230532646179199e-01
4.884839355945587158e-01
3.933577239513397217e-01
3.196095228195190430e-01
2.525942921638488770e-01
1.904403865337371826e-01
1.427388936281204224e-01
1.134229376912117004e-01
1.029878631234169006e-01
1.078610122203826904e-01
1.275237202644348145e-01
1.597254723310470581e-01
2.008544802665710449e-01
2.674778401851654053e-01
3.795574605464935303e-01
5.170649886131286621e-01
6.571564078330993652e-01
7.790634632110595703e-01
