9.074758887290954590e-01
9.073284268379211426e-01
9.071731567382812500e-01
9.070178866386413574e-01
9.068859815597534180e-01
9.068131446838378906e-01
9.067946672439575195e-01
9.068440794944763184e-01
9.069315195083618164e-01
9.069952368736267090e-01
9.070391654968261719e-01
9.071010947227478027e-01
9.071739315986633301e-01
9.072802066802978516e-01
9.074186682701110840e-01
9.075592756271362305e-01
9.076769351959228516e-01
9.077675938606262207e-01
9.078255295753479004e-01
9.078339338302612305e-01
9.078006744384765625e-01
9.077519774436950684e-01
9.077026844024658203e-01
9.076436161994934082e-01
9.075621366500854492e-01
9.074661731719970703e-01
9.073693752288818359e-01
9.072899222373962402e-01
9.072332382202148438e-01
9.071875214576721191e-01
9.071471095085144043e-01
9.071169495582580566e-01
9.071019887924194336e-01
9.070963263511657715e-01
9.070914983749389648e-01
9.070891737937927246e-01
9.071075320243835449e-01
9.071803092956542969e-01
9.073016047477722168e-01
9.074474573135375977e-01
9.075838327407836914e-01
9.076972007751464844e-01
9.077657461166381836e-01
9.077826738357543945e-01
9.077675342559814453e-01
9.077333807945251465e-01
9.076891541481018066e-01
9.076408743858337402e-01
9.075830578804016113e-01
9.075102210044860840e-01
9.074216485023498535e-01
9.073132276535034180e-01
9.071890711784362793e-01
9.070698022842407227e-01
9.069782495498657227e-01
9.069337248802185059e-01
9.069182276725769043e-01
9.069228172302246094e-01
9.069421887397766113e-01
9.069666862487792969e-01
9.069888591766357422e-01
9.070149064064025879e-01
9.070566892623901367e-01
9.071387648582458496e-01
9.072730541229248047e-01
9.074265360832214355e-01
9.075700640678405762e-01
9.076679348945617676e-01
9.077178239822387695e-01
9.077237844467163086e-01
9.076920151710510254e-01
9.076296687126159668e-01
9.075613021850585938e-01
9.074963927268981934e-01
9.074240326881408691e-01
9.073324799537658691e-01
9.072458744049072266e-01
9.071713089942932129e-01
9.071091413497924805e-01
9.070615172386169434e-01
9.070246219635009766e-01
9.069960713386535645e-01
9.069734811782836914e-01
9.069546461105346680e-01
9.069395065307617188e-01
9.069364666938781738e-01
9.069551825523376465e-01
9.070057868957519531e-01
9.071201682090759277e-01
9.072738289833068848e-01
9.074304103851318359e-01
9.075769186019897461e-01
9.076964259147644043e-01
9.077824950218200684e-01
9.078204035758972168e-01
9.077903628349304199e-01
9.077237844467163086e-01
9.076377749443054199e-01
9.075359106063842773e-01
9.074270725250244141e-01
9.073039293289184570e-01
9.071479439735412598e-01
9.069917798042297363e-01
9.068374037742614746e-01
9.067046642303466797e-01
9.067331552505493164e-01
9.068651199340820312e-01
9.070169925689697266e-01
9.071680903434753418e-01
9.072990417480468750e-01
9.073892831802368164e-01
9.074212908744812012e-01
9.074233770370483398e-01
9.074124693870544434e-01
9.073996543884277344e-01
9.073959589004516602e-01
9.074098467826843262e-01
9.074438810348510742e-01
9.074929952621459961e-01
9.075537323951721191e-01
9.076201319694519043e-01
9.076809883117675781e-01
9.077258706092834473e-01
9.077528119087219238e-01
9.077613353729248047e-01
9.077548384666442871e-01
9.077402353286743164e-01
9.077098369598388672e-01
9.076611399650573730e-01
9.076080322265625000e-01
9.075481295585632324e-01
9.074929952621459961e-01
9.074478745460510254e-01
9.074131250381469727e-01
9.073922038078308105e-01
9.073925614356994629e-01
9.074077606201171875e-01
9.074299931526184082e-01
9.074527621269226074e-01
9.074724912643432617e-01
9.074889421463012695e-01
9.075082540512084961e-01
9.075435996055603027e-01
9.075943231582641602e-01
9.076529145240783691e-01
9.077081084251403809e-01
9.077497720718383789e-01
9.077782034873962402e-01
9.077948927879333496e-01
9.077970981597900391e-01
9.077897071838378906e-01
9.077750444412231445e-01
9.077565073966979980e-01
9.077377319335937500e-01
9.077209234237670898e-01
9.077069759368896484e-01
9.076960682868957520e-01
9.076881408691406250e-01
9.076833724975585938e-01
9.076820611953735352e-01
9.076831936836242676e-01
9.076859354972839355e-01
9.076916575431823730e-01
9.076997637748718262e-01
9.077085256576538086e-01
9.077170491218566895e-01
9.077250957489013672e-01
9.077323079109191895e-01
9.077383279800415039e-01
9.077422618865966797e-01
9.077425003051757812e-01
9.077375531196594238e-01
9.077276587486267090e-01
9.077149033546447754e-01
9.077011346817016602e-01
9.076876044273376465e-01
9.076756834983825684e-01
9.076674580574035645e-01
9.076647758483886719e-01
9.076669812202453613e-01
9.076722264289855957e-01
9.076790809631347656e-01
9.076866507530212402e-01
9.076944589614868164e-01
9.077020883560180664e-01
9.077093005180358887e-01
9.077159762382507324e-01
9.077218174934387207e-01
9.077268242835998535e-01
9.077309370040893555e-01
9.077342748641967773e-01
9.077370166778564453e-01
9.077393412590026855e-01
9.077414274215698242e-01
9.077432751655578613e-01
9.077449440956115723e-01
9.077464342117309570e-01
9.077476859092712402e-01
9.077486395835876465e-01
9.077493548393249512e-01
9.077490568161010742e-01
9.077314734458923340e-01
9.076777696609497070e-01
9.075872302055358887e-01
9.074904322624206543e-01
9.074037671089172363e-01
9.073416590690612793e-01
9.073092937469482422e-01
9.073020815849304199e-01
9.073133468627929688e-01
9.073347449302673340e-01
9.073577523231506348e-01
9.073818325996398926e-01
9.074168205261230469e-01
9.074865579605102539e-01
9.075905084609985352e-01
9.076963067054748535e-01
9.077880382537841797e-01
9.078614115715026855e-01
9.079108834266662598e-01
9.079362154006958008e-01
9.079378843307495117e-01
9.079170227050781250e-01
9.078747630119323730e-01
9.078078269958496094e-01
9.077193737030029297e-01
9.076128602027893066e-01
9.075022339820861816e-01
9.074126482009887695e-01
9.073462486267089844e-01
9.073060750961303711e-01
9.072943925857543945e-01
9.073004126548767090e-01
9.073142409324645996e-01
9.073397517204284668e-01
9.073724150657653809e-01
9.074027538299560547e-01
9.074344038963317871e-01
9.074755311012268066e-01
9.075451493263244629e-01
9.076271653175354004e-01
9.077218770980834961e-01
9.078186750411987305e-01
9.078982472419738770e-01
9.079542756080627441e-01
9.079737663269042969e-01
9.079574942588806152e-01
9.079238176345825195e-01
9.078791737556457520e-01
9.078141450881958008e-01
9.077391028404235840e-01
9.076443314552307129e-01
9.075441360473632812e-01
9.074617624282836914e-01
9.074099659919738770e-01
9.073781967163085938e-01
9.073742032051086426e-01
9.073933959007263184e-01
9.074188470840454102e-01
9.074384570121765137e-01
9.074475765228271484e-01
9.074556827545166016e-01
9.074603319168090820e-01
9.074687361717224121e-01
9.074740409851074219e-01
9.074761867523193359e-01
9.074885845184326172e-01
9.075050950050354004e-01
9.075194001197814941e-01
9.075368642807006836e-01
9.075484275817871094e-01
9.075635671615600586e-01
9.075871706008911133e-01
9.076071977615356445e-01
9.076262116432189941e-01
9.076502323150634766e-01
9.076737165451049805e-01
9.076855778694152832e-01
9.076862335205078125e-01
9.076758623123168945e-01
9.076614379882812500e-01
9.076479077339172363e-01
9.076349735260009766e-01
9.076271057128906250e-01
9.076266884803771973e-01
9.076316952705383301e-01
9.076382517814636230e-01
9.076451063156127930e-01
9.076519012451171875e-01
9.076578617095947266e-01
9.076621532440185547e-01
9.076645374298095703e-01
9.076651930809020996e-01
9.076642990112304688e-01
9.076616168022155762e-01
9.076568484306335449e-01
9.076493978500366211e-01
9.076386094093322754e-01
9.076248407363891602e-01
9.076094627380371094e-01
9.075945615768432617e-01
9.075829982757568359e-01
9.075712561607360840e-01
9.075601100921630859e-01
9.075505137443542480e-01
9.075434803962707520e-01
9.075402617454528809e-01
9.075409770011901855e-01
9.075447320938110352e-01
9.075502157211303711e-01
9.075564742088317871e-01
9.075631499290466309e-01
9.075700640678405762e-01
9.075769186019897461e-01
9.075837731361389160e-01
9.075905680656433105e-01
9.075973033905029297e-01
9.076039195060729980e-01
9.076104164123535156e-01
9.076167941093444824e-01
9.076229333877563477e-01
9.076287150382995605e-01
9.076341390609741211e-01
9.076390862464904785e-01
9.076433181762695312e-01
9.076467752456665039e-01
9.076493382453918457e-01
9.076509475708007812e-01
9.076516032218933105e-01
9.076514244079589844e-01
9.076505899429321289e-01
9.076493382453918457e-01
9.076479077339172363e-01
9.076463580131530762e-01
9.076449275016784668e-01
9.076435565948486328e-01
9.076424837112426758e-01
9.076415896415710449e-01
9.076409935951232910e-01
9.076406359672546387e-01
9.076404571533203125e-01
9.076402187347412109e-01
9.076396226882934570e-01
9.076377749443054199e-01
9.076338410377502441e-01
9.076276421546936035e-01
9.076203703880310059e-01
9.076129794120788574e-01
9.076059460639953613e-01
9.075992107391357422e-01
9.075927138328552246e-01
9.075860381126403809e-01
9.075778722763061523e-01
9.075632691383361816e-01
9.075257778167724609e-01
9.074628353118896484e-01
9.073879122734069824e-01
9.073215723037719727e-01
9.072865843772888184e-01
9.072791934013366699e-01
9.072846770286560059e-01
9.072980284690856934e-01
9.073228240013122559e-01
9.073622822761535645e-01
9.074222445487976074e-01
9.075018167495727539e-01
9.076061844825744629e-01
9.077140092849731445e-01
9.078027606010437012e-01
9.078605175018310547e-01
9.078862667083740234e-01
9.078845381736755371e-01
9.078604578971862793e-01
9.078196883201599121e-01
9.077641963958740234e-01
9.076968431472778320e-01
9.076208472251892090e-01
9.075380563735961914e-01
9.074506163597106934e-01
9.073667526245117188e-01
9.072964787483215332e-01
9.072406888008117676e-01
9.072071909904479980e-01
9.072033762931823730e-01
9.072190523147583008e-01
9.072394371032714844e-01
9.072601795196533203e-01
9.072807431221008301e-01
9.073055982589721680e-01
9.073490500450134277e-01
9.074389338493347168e-01
9.075407385826110840e-01
9.076305031776428223e-01
9.077039361000061035e-01
9.077583551406860352e-01
9.077885150909423828e-01
9.077884554862976074e-01
9.077660441398620605e-01
9.077318906784057617e-01
9.076895713806152344e-01
9.076442122459411621e-01
9.075970649719238281e-01
9.075348377227783203e-01
9.074694514274597168e-01
9.074002504348754883e-01
9.073425531387329102e-01
9.073013663291931152e-01
9.072738885879516602e-01
9.072656035423278809e-01
9.072762131690979004e-01
9.072932004928588867e-01
9.073039889335632324e-01
9.073090553283691406e-01
9.073213934898376465e-01
9.073653221130371094e-01
9.074547290802001953e-01
9.075684547424316406e-01
9.076784849166870117e-01
9.077757000923156738e-01
9.078480601310729980e-01
9.078825116157531738e-01
9.078879952430725098e-01
9.078682661056518555e-01
9.078318476676940918e-01
9.077836275100708008e-01
9.077222943305969238e-01
9.076406955718994141e-01
9.075462222099304199e-01
9.074503779411315918e-01
9.073615670204162598e-01
9.072948098182678223e-01
9.072526097297668457e-01
9.072386026382446289e-01
9.072480201721191406e-01
9.072658419609069824e-01
9.072855114936828613e-01
9.073060750961303711e-01
9.073286652565002441e-01
9.073596000671386719e-01
9.074177145957946777e-01
9.075089097023010254e-01
9.076176285743713379e-01
9.077285528182983398e-01
9.078209996223449707e-01
9.078842997550964355e-01
9.079163670539855957e-01
9.079259037971496582e-01
9.079147577285766602e-01
9.078840017318725586e-01
9.078371524810791016e-01
9.077768325805664062e-01
9.077014327049255371e-01
9.076215028762817383e-01
9.075487852096557617e-01
9.074938893318176270e-01
9.074539542198181152e-01
9.074275493621826172e-01
9.074166417121887207e-01
9.074164628982543945e-01
9.074205756187438965e-01
9.074263572692871094e-01
9.074338674545288086e-01
9.074445366859436035e-01
9.074624180793762207e-01
9.075016379356384277e-01
9.075747132301330566e-01
9.076611399650573730e-01
9.077436327934265137e-01
9.078167676925659180e-01
9.078822731971740723e-01
9.079352617263793945e-01
9.079714417457580566e-01
9.079822897911071777e-01
9.079655408859252930e-01
9.079285860061645508e-01
9.078736901283264160e-01
9.078068137168884277e-01
9.077246189117431641e-01
9.076316952705383301e-01
9.075410366058349609e-01
9.074618816375732422e-01
9.074043035507202148e-01
9.073709249496459961e-01
9.073609113693237305e-01
9.073680043220520020e-01
9.073823094367980957e-01
9.073983430862426758e-01
9.074172973632812500e-01
9.074436426162719727e-01
9.074814915657043457e-01
9.075354933738708496e-01
9.076117873191833496e-01
9.077032804489135742e-01
9.077910184860229492e-01
9.078578948974609375e-01
9.079081416130065918e-01
9.079341292381286621e-01
9.079417586326599121e-01
9.079394936561584473e-01
9.079208374023437500e-01
9.078831076622009277e-01
9.078257679939270020e-01
9.077636599540710449e-01
9.077010750770568848e-01
9.076461195945739746e-01
9.076035618782043457e-01
9.075648784637451172e-01
9.075289964675903320e-01
9.075014591217041016e-01
9.074845314025878906e-01
9.074785113334655762e-01
9.074813723564147949e-01
9.074926972389221191e-01
9.075112938880920410e-01
9.075350165367126465e-01
9.075734615325927734e-01
9.076381921768188477e-01
9.077175259590148926e-01
9.077984094619750977e-01
9.078688025474548340e-01
