9.067424535751342773e-01
9.068083167076110840e-01
9.069981575012207031e-01
9.069356322288513184e-01
9.068576097488403320e-01
9.069961905479431152e-01
9.068956375122070312e-01
9.068316817283630371e-01
9.067534804344177246e-01
9.071339964866638184e-01
9.073764681816101074e-01
9.071427583694458008e-01
9.072912931442260742e-01
9.074014425277709961e-01
9.069674015045166016e-01
9.069739580154418945e-01
9.068669080734252930e-01
9.072406888008117676e-01
9.069504141807556152e-01
9.069697260856628418e-01
9.071474075317382812e-01
9.073761105537414551e-01
9.071975350379943848e-01
9.070800542831420898e-01
9.072167873382568359e-01
9.069810509681701660e-01
9.070716500282287598e-01
9.072653055191040039e-01
9.077671170234680176e-01
9.077116847038269043e-01
9.074960350990295410e-01
9.076293706893920898e-01
9.078318476676940918e-01
9.082032442092895508e-01
9.080257415771484375e-01
9.081926345825195312e-01
9.081199765205383301e-01
9.081329107284545898e-01
9.077762961387634277e-01
9.077067971229553223e-01
9.074524641036987305e-01
9.069303870201110840e-01
9.074113965034484863e-01
9.074683189392089844e-01
9.073731303215026855e-01
9.073081016540527344e-01
9.074500799179077148e-01
9.071117043495178223e-01
9.075829982757568359e-01
9.077736735343933105e-01
9.074169397354125977e-01
9.073768854141235352e-01
9.074681401252746582e-01
9.070289134979248047e-01
9.070175886154174805e-01
9.072251915931701660e-01
9.073910713195800781e-01
9.072562456130981445e-01
9.073968529701232910e-01
9.072537422180175781e-01
9.072028398513793945e-01
9.072514772415161133e-01
9.070704579353332520e-01
9.072279334068298340e-01
9.072695970535278320e-01
9.073938727378845215e-01
9.075406789779663086e-01
9.075294733047485352e-01
9.076740741729736328e-01
9.078546762466430664e-01
9.078751206398010254e-01
9.079096317291259766e-01
9.080333709716796875e-01
9.078497886657714844e-01
9.079095721244812012e-01
9.078191518783569336e-01
9.077384471893310547e-01
9.073225259780883789e-01
9.071749448776245117e-01
9.073044061660766602e-01
9.071586728096008301e-01
9.071809053421020508e-01
9.068816900253295898e-01
9.067746996879577637e-01
9.064307808876037598e-01
9.068993926048278809e-01
9.073243141174316406e-01
9.071716666221618652e-01
9.072495102882385254e-01
9.073448777198791504e-01
9.072709679603576660e-01
9.071794748306274414e-01
9.068406224250793457e-01
9.069828987121582031e-01
9.070541858673095703e-01
9.072751402854919434e-01
9.074641466140747070e-01
9.076569080352783203e-01
9.074515104293823242e-01
9.075298905372619629e-01
9.079039096832275391e-01
9.079626798629760742e-01
9.080075025558471680e-01
9.078005552291870117e-01
9.079735279083251953e-01
9.077188968658447266e-01
9.076470732688903809e-01
9.073486924171447754e-01
9.072855710983276367e-01
9.069059491157531738e-01
9.066602587699890137e-01
9.064823985099792480e-01
9.065324068069458008e-01
9.066677093505859375e-01
9.072605371475219727e-01
9.069938063621520996e-01
9.069349765777587891e-01
9.070527553558349609e-01
9.069520235061645508e-01
9.072936773300170898e-01
9.073353409767150879e-01
9.071236848831176758e-01
9.071621894836425781e-01
9.074360132217407227e-01
9.073447585105895996e-01
9.071817398071289062e-01
9.072582125663757324e-01
9.069205522537231445e-01
9.071666598320007324e-01
9.071022868156433105e-01
9.074589610099792480e-01
9.074776172637939453e-01
9.076936244964599609e-01
9.077916741371154785e-01
9.077529907226562500e-01
9.077860713005065918e-01
9.077947735786437988e-01
9.075114727020263672e-01
9.073477387428283691e-01
9.071402549743652344e-01
9.072690606117248535e-01
9.073928594589233398e-01
9.074876308441162109e-01
9.071317315101623535e-01
9.068371653556823730e-01
9.072038531303405762e-01
9.070017933845520020e-01
9.071106314659118652e-01
9.072259068489074707e-01
9.073907136917114258e-01
9.071543216705322266e-01
9.073814153671264648e-01
9.072809815406799316e-01
9.071031808853149414e-01
9.070129394531250000e-01
9.069810509681701660e-01
9.068908691406250000e-01
9.073861241340637207e-01
9.074511528015136719e-01
9.071466922760009766e-01
9.073469638824462891e-01
9.074265956878662109e-01
9.075292348861694336e-01
9.075011014938354492e-01
9.074335098266601562e-01
9.074702858924865723e-01
9.074704051017761230e-01
9.074936509132385254e-01
9.074383974075317383e-01
9.072305560111999512e-01
9.069679975509643555e-01
9.071354866027832031e-01
9.071997404098510742e-01
9.071966409683227539e-01
9.072123765945434570e-01
9.072544574737548828e-01
9.074555039405822754e-01
9.074954390525817871e-01
9.075117707252502441e-01
9.075261354446411133e-01
9.074701666831970215e-01
9.075403809547424316e-01
9.074868559837341309e-01
9.080163240432739258e-01
9.081287980079650879e-01
9.083502292633056641e-01
9.086046814918518066e-01
9.083850979804992676e-01
9.083434343338012695e-01
9.081156849861145020e-01
9.087414741516113281e-01
9.089173674583435059e-01
9.088630676269531250e-01
9.087963700294494629e-01
9.084499478340148926e-01
9.083189964294433594e-01
9.083431959152221680e-01
9.083087444305419922e-01
9.084244966506958008e-01
9.083009362220764160e-01
9.082914590835571289e-01
9.081016778945922852e-01
9.081385731697082520e-01
9.079720973968505859e-01
9.081780314445495605e-01
9.084889888763427734e-01
9.083014726638793945e-01
9.080367088317871094e-01
9.078923463821411133e-01
9.079875349998474121e-01
9.082676172256469727e-01
9.081208109855651855e-01
9.079314470291137695e-01
9.075291156768798828e-01
9.076201915740966797e-01
9.076133966445922852e-01
9.080789089202880859e-01
9.081119894981384277e-01
9.076223373413085938e-01
9.075358510017395020e-01
9.073556661605834961e-01
9.073422551155090332e-01
9.073402881622314453e-01
9.072532057762145996e-01
9.072284698486328125e-01
9.073970317840576172e-01
9.075551629066467285e-01
9.076311588287353516e-01
9.074855446815490723e-01
9.071341753005981445e-01
9.070323109626770020e-01
9.071552753448486328e-01
9.075303077697753906e-01
9.078068733215332031e-01
9.078302979469299316e-01
9.079344868659973145e-01
9.081981182098388672e-01
9.079498052597045898e-01
9.081522822380065918e-01
9.082410335540771484e-01
9.079211950302124023e-01
9.081342220306396484e-01
9.082809090614318848e-01
9.081953167915344238e-01
9.085692763328552246e-01
9.086504578590393066e-01
9.086439609527587891e-01
9.088181853294372559e-01
9.085643887519836426e-01
9.083781242370605469e-01
9.079114794731140137e-01
9.077301621437072754e-01
9.079681038856506348e-01
9.078454375267028809e-01
9.076487421989440918e-01
9.074711799621582031e-01
9.073008894920349121e-01
9.073379039764404297e-01
9.073536992073059082e-01
9.070430397987365723e-01
9.073276519775390625e-01
9.077681303024291992e-01
9.077363610267639160e-01
9.074400663375854492e-01
9.074441790580749512e-01
9.075849056243896484e-01
9.072193503379821777e-01
9.071142077445983887e-01
9.073795080184936523e-01
9.072753787040710449e-01
9.074865579605102539e-01
9.075660109519958496e-01
9.074042439460754395e-01
9.075629711151123047e-01
9.075770378112792969e-01
9.076797962188720703e-01
9.074510335922241211e-01
9.072766304016113281e-01
9.071476459503173828e-01
9.069332480430603027e-01
9.068976044654846191e-01
9.072362184524536133e-01
9.069203734397888184e-01
9.070014953613281250e-01
9.072341322898864746e-01
9.073919057846069336e-01
9.072529673576354980e-01
9.072381258010864258e-01
9.072962999343872070e-01
9.074651002883911133e-01
9.073805212974548340e-01
9.074631929397583008e-01
9.073846340179443359e-01
9.076672196388244629e-01
9.074218273162841797e-01
9.077539443969726562e-01
9.074785709381103516e-01
9.072793126106262207e-01
9.071257710456848145e-01
9.073680043220520020e-01
9.076237082481384277e-01
9.074908494949340820e-01
9.077374935150146484e-01
9.075629115104675293e-01
9.078927040100097656e-01
9.080304503440856934e-01
9.079322218894958496e-01
9.078985452651977539e-01
9.079689979553222656e-01
9.082146883010864258e-01
9.082151055335998535e-01
9.081578254699707031e-01
9.079226255416870117e-01
9.081313610076904297e-01
9.078848958015441895e-01
9.077051877975463867e-01
9.076716899871826172e-01
9.075019955635070801e-01
9.075113534927368164e-01
9.078449010848999023e-01
9.078423976898193359e-01
9.079228639602661133e-01
9.076616168022155762e-01
9.077637195587158203e-01
9.075481295585632324e-01
9.076275229454040527e-01
9.076878428459167480e-01
9.077277779579162598e-01
9.075585007667541504e-01
9.075836539268493652e-01
9.078339338302612305e-01
9.080028533935546875e-01
9.079787135124206543e-01
9.078218340873718262e-01
9.079124927520751953e-01
9.078459739685058594e-01
9.077227711677551270e-01
9.075396656990051270e-01
9.073672294616699219e-01
9.076393842697143555e-01
9.075403809547424316e-01
9.076147675514221191e-01
9.075679183006286621e-01
9.074338078498840332e-01
9.073451161384582520e-01
9.071633815765380859e-01
9.072545766830444336e-01
9.073843359947204590e-01
9.072342514991760254e-01
9.069507718086242676e-01
9.071241021156311035e-01
9.071056842803955078e-01
9.073470234870910645e-01
9.073483943939208984e-01
9.078459739685058594e-01
9.077547192573547363e-01
9.074348807334899902e-01
9.073524475097656250e-01
9.073672890663146973e-01
9.073213934898376465e-01
9.068098068237304688e-01
9.068865776062011719e-01
9.070986509323120117e-01
9.070404171943664551e-01
9.073150753974914551e-01
9.072884321212768555e-01
9.073659181594848633e-01
9.072148799896240234e-01
9.073647260665893555e-01
9.073942303657531738e-01
9.074358344078063965e-01
9.073044061660766602e-01
9.077324271202087402e-01
9.077601432800292969e-01
9.074662327766418457e-01
9.078095555305480957e-01
9.076660871505737305e-01
9.074601531028747559e-01
9.075723886489868164e-01
9.075143337249755859e-01
9.078188538551330566e-01
9.078497290611267090e-01
9.078383445739746094e-01
9.077687263488769531e-01
9.071637392044067383e-01
9.070940017700195312e-01
9.068918228149414062e-01
9.068305492401123047e-01
9.072619676589965820e-01
9.077452421188354492e-01
9.076384902000427246e-01
9.076226353645324707e-01
9.074562788009643555e-01
9.070824980735778809e-01
9.073891639709472656e-01
9.075668454170227051e-01
9.075642228126525879e-01
9.077677726745605469e-01
9.074643850326538086e-01
9.075944423675537109e-01
9.073147773742675781e-01
9.073311686515808105e-01
9.074212312698364258e-01
9.073162674903869629e-01
9.074360728263854980e-01
9.074413776397705078e-01
9.076547622680664062e-01
9.071990251541137695e-01
9.072008728981018066e-01
9.071955680847167969e-01
9.070836305618286133e-01
9.069609642028808594e-01
9.071000814437866211e-01
9.070274829864501953e-01
9.072070121765136719e-01
9.070136547088623047e-01
9.069333672523498535e-01
9.069790244102478027e-01
9.072291254997253418e-01
9.072369337081909180e-01
9.075169563293457031e-01
9.073469638824462891e-01
9.075466990470886230e-01
9.077225923538208008e-01
9.077451825141906738e-01
9.075772762298583984e-01
9.074664711952209473e-01
9.071232676506042480e-01
9.071954488754272461e-01
9.073271751403808594e-01
9.075225591659545898e-01
9.076758623123168945e-01
9.077666401863098145e-01
9.075928926467895508e-01
9.076367616653442383e-01
9.078522324562072754e-01
9.079331159591674805e-01
9.076374173164367676e-01
9.074019789695739746e-01
9.071478843688964844e-01
9.073230624198913574e-01
9.074610471725463867e-01
9.077306985855102539e-01
9.073833227157592773e-01
9.071925878524780273e-01
9.076132178306579590e-01
9.073490500450134277e-01
9.074832201004028320e-01
9.073553085327148438e-01
9.071795344352722168e-01
9.074923992156982422e-01
9.076299071311950684e-01
9.076645970344543457e-01
9.072879552841186523e-01
9.073824882507324219e-01
9.076766967773437500e-01
9.073100686073303223e-01
9.073480367660522461e-01
9.074360728263854980e-01
9.074081778526306152e-01
9.077014923095703125e-01
9.077599644660949707e-01
9.077891111373901367e-01
9.074432849884033203e-01
9.079373478889465332e-01
9.080585241317749023e-01
9.078297019004821777e-01
9.079563021659851074e-01
9.078716039657592773e-01
9.076409339904785156e-01
9.077287912368774414e-01
9.077755808830261230e-01
9.075694084167480469e-01
9.078151583671569824e-01
9.078072905540466309e-01
9.077800512313842773e-01
9.077646732330322266e-01
9.078350663185119629e-01
9.075626134872436523e-01
9.076160788536071777e-01
9.073766469955444336e-01
9.074727296829223633e-01
9.074702262878417969e-01
9.079008698463439941e-01
9.079667329788208008e-01
9.079763889312744141e-01
9.079058766365051270e-01
9.080737233161926270e-01
9.078652262687683105e-01
9.074679017066955566e-01
9.076186418533325195e-01
9.072449803352355957e-01
9.074068069458007812e-01
9.071126580238342285e-01
9.069004058837890625e-01
9.069483876228332520e-01
9.069951176643371582e-01
9.072035551071166992e-01
9.070829153060913086e-01
9.071747660636901855e-01
9.070709347724914551e-01
9.074487686157226562e-01
9.078093767166137695e-01
9.077151417732238770e-01
9.082437157630920410e-01
9.080448746681213379e-01
9.079327583312988281e-01
9.076489210128784180e-01
9.074411392211914062e-01
9.075018763542175293e-01
9.075002074241638184e-01
9.077526926994323730e-01
9.079011678695678711e-01
9.079526662826538086e-01
9.080172777175903320e-01
9.078142046928405762e-01
9.074097275733947754e-01
9.075765013694763184e-01
9.071566462516784668e-01
9.073056578636169434e-01
