-3.443693816661834717e-01
-4.478075206279754639e-01
-4.238213896751403809e-01
-3.536873459815979004e-01
2.493482828140258789e-02
-3.275303244590759277e-01
-2.743628621101379395e-01
-5.774694085121154785e-01
-4.254115223884582520e-01
-1.705488562583923340e-02
-3.581252992153167725e-01
-2.710928320884704590e-01
-3.001540303230285645e-01
-5.317360162734985352e-01
-3.005560040473937988e-01
-2.832486033439636230e-01
1.058541387319564819e-01
2.332215160131454468e-01
4.019914865493774414e-01
5.927138924598693848e-01
3.025466799736022949e-01
-3.937524855136871338e-01
-8.155981302261352539e-01
-8.918247222900390625e-01
-7.605921626091003418e-01
-8.770565390586853027e-01
-5.785805583000183105e-01
-1.055455207824707031e-01
-8.758557587862014771e-02
3.398465216159820557e-01
5.815133452415466309e-01
2.297626435756683350e-01
8.389805555343627930e-01
8.321651816368103027e-01
7.435777783393859863e-01
6.344072222709655762e-01
2.620013356208801270e-01
-1.226575225591659546e-01
-3.731338679790496826e-01
-2.414641976356506348e-01
-1.954680532217025757e-01
-4.368302822113037109e-01
9.084743261337280273e-02
1.039703413844108582e-01
-1.381374299526214600e-01
-6.818546056747436523e-01
-4.694107770919799805e-01
-2.470756471157073975e-01
-1.589059680700302124e-01
-7.054499983787536621e-01
-5.665152668952941895e-01
-7.609483003616333008e-01
-6.826528310775756836e-01
-4.331398010253906250e-01
-3.693631589412689209e-01
-6.123855710029602051e-01
-7.598993182182312012e-01
6.597822904586791992e-02
-1.911670565605163574e-01
-3.365700542926788330e-01
-6.227467060089111328e-01
-8.335632085800170898e-02
4.241169691085815430e-01
1.095749735832214355e+00
1.632310867309570312e+00
1.733046293258666992e+00
1.336795330047607422e+00
1.525307059288024902e+00
2.301182746887207031e+00
1.592523217201232910e+00
1.585422158241271973e+00
9.016566276550292969e-01
9.264972805976867676e-01
1.519295454025268555e+00
8.047356009483337402e-01
9.384567737579345703e-01
5.367072820663452148e-01
9.479266405105590820e-02
6.676036864519119263e-03
1.384827941656112671e-01
5.748038887977600098e-01
6.852269172668457031e-01
1.187723755836486816e+00
8.710798025131225586e-01
2.985944151878356934e-01
9.032404422760009766e-02
2.549054026603698730e-01
3.834310770034790039e-01
5.454682111740112305e-01
3.847510814666748047e-01
6.482140421867370605e-01
1.776436567306518555e-01
-2.009604573249816895e-01
-4.544196724891662598e-01
-4.037954807281494141e-01
6.946361064910888672e-02
-2.666376531124114990e-02
-4.781233519315719604e-02
7.775050401687622070e-02
4.610453546047210693e-02
1.650124341249465942e-01
-6.562381982803344727e-01
-6.411658525466918945e-01
-3.763553500175476074e-02
3.365288674831390381e-02
6.394487023353576660e-01
5.117872357368469238e-01
1.751446723937988281e-01
2.799139916896820068e-01
1.076970934867858887e+00
8.959964513778686523e-01
3.865033686161041260e-01
3.313162326812744141e-01
5.296399593353271484e-01
-1.131199896335601807e-01
-1.706788092851638794e-01
3.559578359127044678e-01
5.315834879875183105e-01
2.676181793212890625e-01
-2.204796224832534790e-01
-1.582923829555511475e-01
6.945697069168090820e-01
7.451730966567993164e-01
1.099218845367431641e+00
6.388240456581115723e-01
8.678211569786071777e-01
7.140749096870422363e-01
7.757160067558288574e-01
3.103527426719665527e-01
4.924748837947845459e-01
4.931473433971405029e-01
1.375148296356201172e-01
8.797171711921691895e-02
-5.726633667945861816e-01
1.822322607040405273e-03
3.546609282493591309e-01
2.944944500923156738e-01
4.739862680435180664e-01
2.116541713476181030e-01
1.169011145830154419e-01
4.461243748664855957e-01
4.181994795799255371e-01
6.204530000686645508e-01
-3.802276253700256348e-01
-1.101709365844726562e+00
-7.734121680259704590e-01
-7.604099512100219727e-01
-4.203497469425201416e-01
4.737835526466369629e-01
2.553489804267883301e-01
-1.546382755041122437e-01
1.192432641983032227e-01
-3.509975969791412354e-02
-1.722431927919387817e-01
3.886948525905609131e-02
3.567253351211547852e-01
-8.149668574333190918e-02
-1.579418778419494629e-01
1.359354406595230103e-01
3.041914850473403931e-02
-3.345703184604644775e-01
-3.177599608898162842e-01
-7.791382074356079102e-01
-1.195449590682983398e+00
-1.122191429138183594e+00
-9.659014940261840820e-01
-8.233916163444519043e-01
-8.641690015792846680e-01
-1.033241271972656250e+00
-1.007757425308227539e+00
-1.038799524307250977e+00
-2.251337766647338867e-01
-7.652358412742614746e-01
-1.043067812919616699e+00
-1.164793968200683594e+00
-1.301445484161376953e+00
-7.179966568946838379e-01
-1.122138023376464844e+00
-1.403642177581787109e+00
-8.432797193527221680e-01
-7.575350999832153320e-01
-2.744495570659637451e-01
-4.440983235836029053e-01
-6.761413812637329102e-02
2.081009596586227417e-01
5.320374965667724609e-01
5.258902311325073242e-01
-3.428198099136352539e-01
-2.071769237518310547e-01
-3.011694252490997314e-01
-1.251930475234985352e+00
-1.151464700698852539e+00
-1.012335181236267090e+00
-1.253800272941589355e+00
-1.354397535324096680e+00
-1.307821273803710938e+00
-1.067917823791503906e+00
-1.311398983001708984e+00
-8.671369552612304688e-01
-1.184927463531494141e+00
-6.685437560081481934e-01
-4.573926627635955811e-01
8.331063389778137207e-02
-3.001498579978942871e-01
-4.519110918045043945e-01
-2.903684377670288086e-01
-9.729026556015014648e-01
-4.658102989196777344e-01
-5.126382708549499512e-01
-5.669053792953491211e-01
1.024564504623413086e-01
8.039879798889160156e-02
1.567504703998565674e-01
6.043066829442977905e-02
4.564287364482879639e-01
5.118532180786132812e-01
6.886132359504699707e-01
6.438128352165222168e-01
6.131688356399536133e-01
2.011303901672363281e-01
1.305403709411621094e-01
4.441559910774230957e-01
5.512064099311828613e-01
3.578208386898040771e-01
8.936146497726440430e-01
5.437654256820678711e-01
3.980719447135925293e-01
-2.205371856689453125e-03
3.497487902641296387e-01
7.262220382690429688e-01
5.841820240020751953e-01
4.262527227401733398e-01
6.797864437103271484e-01
1.843808591365814209e-01
3.277282714843750000e-01
4.944872260093688965e-01
3.516721725463867188e-01
3.503056168556213379e-01
-1.617550551891326904e-01
5.870941281318664551e-01
7.382231354713439941e-01
4.453805983066558838e-01
1.495089530944824219e-01
4.405755698680877686e-01
5.236482024192810059e-01
1.078960180282592773e+00
1.894700527191162109e+00
1.231436371803283691e+00
1.113031983375549316e+00
1.080910563468933105e+00
1.127339243888854980e+00
1.398043155670166016e+00
7.231351733207702637e-01
1.107617855072021484e+00
7.906646132469177246e-01
1.222867608070373535e+00
7.427983283996582031e-01
1.169458270072937012e+00
8.112058043479919434e-01
1.129756808280944824e+00
5.660563707351684570e-01
3.105601072311401367e-01
6.704200506210327148e-01
9.722914695739746094e-01
1.298001766204833984e+00
1.315111398696899414e+00
1.061789274215698242e+00
1.138095736503601074e+00
7.937914133071899414e-01
7.685640454292297363e-01
6.908137798309326172e-01
1.050663471221923828e+00
6.321371793746948242e-01
8.174095153808593750e-01
4.419745802879333496e-01
5.211383104324340820e-01
6.596052646636962891e-01
6.855210661888122559e-01
8.840789794921875000e-01
1.165809512138366699e+00
9.210108518600463867e-01
7.499603629112243652e-01
5.986454486846923828e-01
2.309766709804534912e-01
1.158639863133430481e-01
1.528255492448806763e-01
2.403644621372222900e-01
-8.341485261917114258e-02
-3.936522006988525391e-01
1.587767899036407471e-01
6.509808301925659180e-01
6.163048148155212402e-01
9.179186820983886719e-01
3.601025342941284180e-01
-4.015561640262603760e-01
-1.699458062648773193e-01
-9.320082515478134155e-02
-5.891492366790771484e-01
-4.985377490520477295e-01
-6.999401450157165527e-01
-7.926235198974609375e-01
-2.381795048713684082e-01
2.606460452079772949e-02
1.736313700675964355e-01
2.492912113666534424e-01
5.484306812286376953e-01
2.139602899551391602e-01
3.468952178955078125e-01
-4.136956036090850830e-01
-8.368595242500305176e-01
-7.521502971649169922e-01
-7.501995563507080078e-02
-1.440705209970474243e-01
-1.930829584598541260e-01
1.297409534454345703e-01
1.064281165599822998e-01
4.707579016685485840e-01
7.365286946296691895e-01
3.197891414165496826e-01
-1.186800897121429443e-01
2.595522701740264893e-01
4.732248783111572266e-01
5.243564844131469727e-01
2.556084096431732178e-01
4.351630210876464844e-01
4.902724325656890869e-01
7.629366517066955566e-01
5.693380832672119141e-01
4.945844411849975586e-01
2.554985880851745605e-02
3.416504710912704468e-02
-3.521462976932525635e-01
3.695811629295349121e-01
9.507439136505126953e-01
7.807796001434326172e-01
5.602200627326965332e-01
4.821928739547729492e-01
1.172235488891601562e+00
1.524558782577514648e+00
1.098031044006347656e+00
1.306159377098083496e+00
1.416460633277893066e+00
1.132428646087646484e+00
1.105444192886352539e+00
1.499703168869018555e+00
9.710386991500854492e-01
8.234997987747192383e-01
1.011118173599243164e+00
1.388802766799926758e+00
1.078535556793212891e+00
9.985978603363037109e-01
1.386262059211730957e+00
1.584072232246398926e+00
1.718835592269897461e+00
1.738679647445678711e+00
1.490359544754028320e+00
1.121780991554260254e+00
6.291914582252502441e-01
-3.967353105545043945e-01
-8.117631077766418457e-02
5.341981649398803711e-01
-3.787311911582946777e-02
4.431849718093872070e-01
6.722791194915771484e-01
3.690983653068542480e-01
7.870273590087890625e-01
7.985320091247558594e-01
-7.369858026504516602e-02
-3.796756565570831299e-01
1.493066400289535522e-01
-7.928887009620666504e-02
-3.704943954944610596e-01
-3.345546722412109375e-01
-3.821995854377746582e-01
-5.702688694000244141e-01
-4.178952574729919434e-01
-2.091114670038223267e-01
4.597649723291397095e-02
-5.916293859481811523e-01
-4.342435002326965332e-01
-3.703975677490234375e-01
2.179519832134246826e-01
2.981004118919372559e-02
1.337369084358215332e-01
4.695594310760498047e-03
-4.525460004806518555e-01
-6.163522005081176758e-01
-3.426561355590820312e-01
3.744775950908660889e-01
6.166306734085083008e-01
2.344503104686737061e-01
-1.595783084630966187e-01
-6.094150543212890625e-01
-5.618849992752075195e-01
-8.828061819076538086e-01
-4.532086551189422607e-01
4.300089478492736816e-01
5.026787519454956055e-03
-2.272337377071380615e-01
-2.299147099256515503e-02
-1.992993503808975220e-01
1.692125350236892700e-01
5.311957001686096191e-02
-2.829222083091735840e-01
-8.313397318124771118e-02
-8.710014075040817261e-02
1.721099019050598145e-01
2.988772392272949219e-01
1.442306935787200928e-01
4.211760163307189941e-01
8.686214685440063477e-01
1.185771942138671875e+00
1.144328474998474121e+00
7.601895332336425781e-01
-8.867484331130981445e-02
5.062900781631469727e-01
7.895815372467041016e-01
1.220327615737915039e+00
1.291347980499267578e+00
1.656941771507263184e+00
1.560657143592834473e+00
1.925063133239746094e+00
1.955388545989990234e+00
1.943850755691528320e+00
2.033935546875000000e+00
1.865509033203125000e+00
1.335125803947448730e+00
1.227060675621032715e+00
1.482097625732421875e+00
1.782355785369873047e+00
7.741947770118713379e-01
1.164673805236816406e+00
7.741416692733764648e-01
1.289361119270324707e-01
4.804283976554870605e-01
1.148925125598907471e-01
5.629688501358032227e-01
4.745056033134460449e-01
1.814507991075515747e-01
3.342133164405822754e-01
3.321221768856048584e-01
6.875999271869659424e-02
7.239567637443542480e-01
8.365389704704284668e-01
2.315158843994140625e-01
4.164238572120666504e-01
-2.048065066337585449e-01
2.899677753448486328e-01
3.279554247856140137e-01
3.871261179447174072e-01
2.169184237718582153e-01
2.306505292654037476e-01
2.014888823032379150e-02
3.193340599536895752e-01
1.662488430738449097e-01
3.871385455131530762e-01
2.524782121181488037e-01
1.210963726043701172e+00
1.573909282684326172e+00
1.767992258071899414e+00
1.377583503723144531e+00
1.139334440231323242e+00
1.161341667175292969e+00
4.301249384880065918e-01
2.433392405509948730e-01
3.800338506698608398e-01
-5.098843574523925781e-02
-1.300468444824218750e-01
-3.511971607804298401e-02
1.881986856460571289e-02
8.027744889259338379e-01
7.064937949180603027e-01
8.129916191101074219e-01
9.846216440200805664e-01
7.809614539146423340e-01
9.544152021408081055e-01
7.893936634063720703e-01
9.005049467086791992e-01
1.310732126235961914e+00
1.272530674934387207e+00
1.335460901260375977e+00
1.044084310531616211e+00
1.062988281250000000e+00
-4.059267044067382812e-02
5.357314348220825195e-01
9.688445925712585449e-02
4.236049652099609375e-01
1.942897140979766846e-01
5.953607559204101562e-01
5.383940339088439941e-01
4.336580932140350342e-01
5.370429754257202148e-01
8.114318847656250000e-01
9.949363470077514648e-01
8.492746949195861816e-01
1.104110002517700195e+00
9.398661851882934570e-01
1.049432158470153809e+00
1.576397061347961426e+00
8.745307326316833496e-01
1.109964489936828613e+00
7.086455821990966797e-01
7.331410646438598633e-01
4.269186258316040039e-01
1.190124750137329102e+00
8.545792698860168457e-01
8.730254173278808594e-01
6.772493720054626465e-01
3.961711823940277100e-01
3.980974853038787842e-01
3.659942746162414551e-01
4.598543047904968262e-02
-2.026090025901794434e-01
4.447958469390869141e-01
-4.129089117050170898e-01
-4.932878017425537109e-01
-2.485541999340057373e-01
-1.346688717603683472e-03
2.609801292419433594e-01
-3.413979709148406982e-01
