9.074758887290954590e-01
9.073430895805358887e-01
9.070585966110229492e-01
9.067619442939758301e-01
9.065623879432678223e-01
9.064803719520568848e-01
9.064991474151611328e-01
9.065848588943481445e-01
9.067073464393615723e-01
9.068424105644226074e-01
9.069583415985107422e-01
9.070237874984741211e-01
9.070541262626647949e-01
9.071085453033447266e-01
9.072192311286926270e-01
9.073549509048461914e-01
9.074733853340148926e-01
9.075739979743957520e-01
9.076458811759948730e-01
9.076539874076843262e-01
9.075991511344909668e-01
9.075376391410827637e-01
9.075122475624084473e-01
9.074987173080444336e-01
9.074556827545166016e-01
9.073777198791503906e-01
9.072926044464111328e-01
9.072116017341613770e-01
9.071377515792846680e-01
9.070778489112854004e-01
9.070271849632263184e-01
9.069766402244567871e-01
9.069314599037170410e-01
9.068992137908935547e-01
9.068659543991088867e-01
9.068109393119812012e-01
9.067625999450683594e-01
9.067835211753845215e-01
9.068950414657592773e-01
9.070575833320617676e-01
9.072305560111999512e-01
9.074010848999023438e-01
9.075419306755065918e-01
9.076054096221923828e-01
9.075946807861328125e-01
9.075562953948974609e-01
9.075232148170471191e-01
9.074817895889282227e-01
9.074055552482604980e-01
9.073143005371093750e-01
9.072408676147460938e-01
9.071788191795349121e-01
9.071009159088134766e-01
9.070002436637878418e-01
9.068989157676696777e-01
9.068232774734497070e-01
9.067952036857604980e-01
9.068119525909423828e-01
9.068422317504882812e-01
9.068571925163269043e-01
9.068635702133178711e-01
9.068892002105712891e-01
9.069465994834899902e-01
9.070297479629516602e-01
9.071477055549621582e-01
9.073114395141601562e-01
9.074862599372863770e-01
9.076132774353027344e-01
9.076687097549438477e-01
9.076830744743347168e-01
9.076793789863586426e-01
9.076461791992187500e-01
9.075905680656433105e-01
9.075416922569274902e-01
9.075017571449279785e-01
9.074354767799377441e-01
9.073263406753540039e-01
9.072044491767883301e-01
9.071063399314880371e-01
9.070513844490051270e-01
9.070384502410888672e-01
9.070533514022827148e-01
9.070600271224975586e-01
9.070265293121337891e-01
9.069661498069763184e-01
9.069033265113830566e-01
9.068506956100463867e-01
9.068387150764465332e-01
9.069132804870605469e-01
9.070888757705688477e-01
9.073169231414794922e-01
9.075238704681396484e-01
9.076827764511108398e-01
9.078146815299987793e-01
9.079057574272155762e-01
9.079177975654602051e-01
9.078513979911804199e-01
9.077453613281250000e-01
9.076271057128906250e-01
9.075003266334533691e-01
9.073666930198669434e-01
9.071733355522155762e-01
9.069121479988098145e-01
9.066568017005920410e-01
9.064950942993164062e-01
9.064878225326538086e-01
9.066249728202819824e-01
9.068490266799926758e-01
9.070740938186645508e-01
9.072450399398803711e-01
9.073427915573120117e-01
9.073732495307922363e-01
9.073662161827087402e-01
9.073464870452880859e-01
9.073271155357360840e-01
9.073187112808227539e-01
9.073472023010253906e-01
9.074287414550781250e-01
9.075351357460021973e-01
9.076325297355651855e-01
9.077076911926269531e-01
9.077587723731994629e-01
9.077833294868469238e-01
9.077900648117065430e-01
9.078001379966735840e-01
9.078238010406494141e-01
9.078482389450073242e-01
9.078530669212341309e-01
9.078283905982971191e-01
9.077734947204589844e-01
9.076949954032897949e-01
9.076066613197326660e-01
9.075202941894531250e-01
9.074435234069824219e-01
9.073868989944458008e-01
9.073596596717834473e-01
9.073695540428161621e-01
9.074152112007141113e-01
9.074785709381103516e-01
9.075413346290588379e-01
9.075992107391357422e-01
9.076520204544067383e-01
9.076878428459167480e-01
9.076961874961853027e-01
9.076964259147644043e-01
9.077153205871582031e-01
9.077625274658203125e-01
9.078326821327209473e-01
9.079118371009826660e-01
9.079758524894714355e-01
9.079979062080383301e-01
9.079731106758117676e-01
9.079174399375915527e-01
9.078513979911804199e-01
9.078008532524108887e-01
9.077782034873962402e-01
9.077684879302978516e-01
9.077540636062622070e-01
9.077269434928894043e-01
9.076936841011047363e-01
9.076694846153259277e-01
9.076693058013916016e-01
9.076824784278869629e-01
9.076970219612121582e-01
9.077181220054626465e-01
9.077492356300354004e-01
9.077749848365783691e-01
9.077768921852111816e-01
9.077601432800292969e-01
9.077445268630981445e-01
9.077449440956115723e-01
9.077600240707397461e-01
9.077831506729125977e-01
9.078061580657958984e-01
9.078085422515869141e-01
9.077773094177246094e-01
9.077236056327819824e-01
9.076689481735229492e-01
9.076383709907531738e-01
9.076417088508605957e-01
9.076686501502990723e-01
9.076943993568420410e-01
9.077003002166748047e-01
9.076914787292480469e-01
9.076853990554809570e-01
9.076897501945495605e-01
9.076993465423583984e-01
9.077073335647583008e-01
9.077146053314208984e-01
9.077155590057373047e-01
9.077106714248657227e-01
9.077109098434448242e-01
9.077288508415222168e-01
9.077650904655456543e-01
9.078052639961242676e-01
9.078464508056640625e-01
9.078898429870605469e-01
9.079199433326721191e-01
9.079233407974243164e-01
9.079099893569946289e-01
9.078992605209350586e-01
9.079014658927917480e-01
9.078893661499023438e-01
9.078285098075866699e-01
9.077239632606506348e-01
9.076204299926757812e-01
9.075366258621215820e-01
9.074705243110656738e-01
9.074297547340393066e-01
9.074174761772155762e-01
9.074262976646423340e-01
9.074568152427673340e-01
9.075071811676025391e-01
9.075595140457153320e-01
9.076173305511474609e-01
9.076902270317077637e-01
9.077749848365783691e-01
9.078504443168640137e-01
9.078898429870605469e-01
9.079058170318603516e-01
9.079282283782958984e-01
9.079641103744506836e-01
9.079937934875488281e-01
9.079979658126831055e-01
9.079765081405639648e-01
9.079289436340332031e-01
9.078450202941894531e-01
9.077321290969848633e-01
9.076144099235534668e-01
9.075120687484741211e-01
9.074344635009765625e-01
9.073883295059204102e-01
9.073716998100280762e-01
9.073745012283325195e-01
9.073921442031860352e-01
9.074270725250244141e-01
9.074611663818359375e-01
9.074626564979553223e-01
9.074448943138122559e-01
9.074638485908508301e-01
9.075564742088317871e-01
9.077070951461791992e-01
9.078747630119323730e-01
9.080228209495544434e-01
9.081245660781860352e-01
9.081578850746154785e-01
9.081218242645263672e-01
9.080505967140197754e-01
9.079756736755371094e-01
9.079062342643737793e-01
9.078372716903686523e-01
9.077546596527099609e-01
9.076561331748962402e-01
9.075543284416198730e-01
9.074642658233642578e-01
9.074022769927978516e-01
9.073818325996398926e-01
9.074009060859680176e-01
9.074497222900390625e-01
9.075180292129516602e-01
9.075848460197448730e-01
9.076287746429443359e-01
9.076476693153381348e-01
9.076553583145141602e-01
9.076601862907409668e-01
9.076610803604125977e-01
9.076650142669677734e-01
9.076822400093078613e-01
9.077104330062866211e-01
9.077262282371520996e-01
9.077127575874328613e-01
9.076867699623107910e-01
9.076653122901916504e-01
9.076385498046875000e-01
9.076033234596252441e-01
9.075810909271240234e-01
9.075840115547180176e-01
9.076134562492370605e-01
9.076696038246154785e-01
9.077395796775817871e-01
9.077983498573303223e-01
9.078198075294494629e-01
9.078008532524108887e-01
9.077628850936889648e-01
9.077340960502624512e-01
9.077278375625610352e-01
9.077385663986206055e-01
9.077507853507995605e-01
9.077459573745727539e-01
9.077184200286865234e-01
9.076793789863586426e-01
9.076499938964843750e-01
9.076397418975830078e-01
9.076396822929382324e-01
9.076470732688903809e-01
9.076685905456542969e-01
9.076916575431823730e-01
9.077007174491882324e-01
9.076980352401733398e-01
9.076876044273376465e-01
9.076712131500244141e-01
9.076530933380126953e-01
9.076422452926635742e-01
9.076358079910278320e-01
9.076278805732727051e-01
9.076256155967712402e-01
9.076343774795532227e-01
9.076448678970336914e-01
9.076503515243530273e-01
9.076465368270874023e-01
9.076310992240905762e-01
9.076200723648071289e-01
9.076251983642578125e-01
9.076410531997680664e-01
9.076608419418334961e-01
9.076841473579406738e-01
9.077067971229553223e-01
9.077239632606506348e-01
9.077364802360534668e-01
9.077508449554443359e-01
9.077657461166381836e-01
9.077704548835754395e-01
9.077656865119934082e-01
9.077686667442321777e-01
9.077876210212707520e-01
9.078160524368286133e-01
9.078526496887207031e-01
9.078814983367919922e-01
9.078802466392517090e-01
9.078444838523864746e-01
9.077858328819274902e-01
9.077194333076477051e-01
9.076652526855468750e-01
9.076296687126159668e-01
9.076168537139892578e-01
9.076303839683532715e-01
9.076588153839111328e-01
9.076863527297973633e-01
9.077289104461669922e-01
9.077882766723632812e-01
9.078279733657836914e-01
9.078314900398254395e-01
9.078171253204345703e-01
9.078106880187988281e-01
9.078190922737121582e-01
9.078333973884582520e-01
9.078374505043029785e-01
9.078180193901062012e-01
9.077718257904052734e-01
9.077003002166748047e-01
9.076231718063354492e-01
9.075893163681030273e-01
9.076040983200073242e-01
9.076208472251892090e-01
9.075961709022521973e-01
9.075232744216918945e-01
9.074186086654663086e-01
9.073073863983154297e-01
9.072250127792358398e-01
9.071937203407287598e-01
9.072139859199523926e-01
9.072692394256591797e-01
9.073430895805358887e-01
9.074248075485229492e-01
9.075022935867309570e-01
9.075707197189331055e-01
9.076483249664306641e-01
9.077392220497131348e-01
9.078117012977600098e-01
9.078500270843505859e-01
9.078773260116577148e-01
9.079095125198364258e-01
9.079271554946899414e-01
9.079113006591796875e-01
9.078612923622131348e-01
9.077795743942260742e-01
9.076625108718872070e-01
9.075283408164978027e-01
9.074045419692993164e-01
9.073098897933959961e-01
9.072523713111877441e-01
9.072338342666625977e-01
9.072455763816833496e-01
9.072662591934204102e-01
9.072778820991516113e-01
9.072877764701843262e-01
9.073098301887512207e-01
9.073373079299926758e-01
9.073596596717834473e-01
9.073962569236755371e-01
9.074708819389343262e-01
9.075760245323181152e-01
9.076820611953735352e-01
9.077671766281127930e-01
9.078190922737121582e-01
9.078353047370910645e-01
9.078222513198852539e-01
9.077928662300109863e-01
9.077622890472412109e-01
9.077407121658325195e-01
9.077173471450805664e-01
9.076721072196960449e-01
9.075992703437805176e-01
9.075072407722473145e-01
9.074139595031738281e-01
9.073387384414672852e-01
9.072891473770141602e-01
9.072569012641906738e-01
9.072354435920715332e-01
9.072234630584716797e-01
9.072269797325134277e-01
9.072432518005371094e-01
9.072637557983398438e-01
9.072977304458618164e-01
9.073702096939086914e-01
9.074790477752685547e-01
9.075949788093566895e-01
9.076940417289733887e-01
9.077732563018798828e-01
9.078324437141418457e-01
9.078599810600280762e-01
9.078587293624877930e-01
9.078477621078491211e-01
9.078337550163269043e-01
9.078050255775451660e-01
9.077514410018920898e-01
9.076747298240661621e-01
9.075822830200195312e-01
9.074768424034118652e-01
9.073653817176818848e-01
9.072654843330383301e-01
9.071897864341735840e-01
9.071434140205383301e-01
9.071108698844909668e-01
9.070827960968017578e-01
9.070626497268676758e-01
9.070540070533752441e-01
9.070638418197631836e-01
9.071034193038940430e-01
9.071857929229736328e-01
9.072967171669006348e-01
9.074202179908752441e-01
9.075423479080200195e-01
9.076415300369262695e-01
9.077013731002807617e-01
9.077233076095581055e-01
9.077271223068237305e-01
9.077292680740356445e-01
9.077230691909790039e-01
9.077088832855224609e-01
9.076906442642211914e-01
9.076563119888305664e-01
9.075972437858581543e-01
9.075216054916381836e-01
9.074453711509704590e-01
9.073836803436279297e-01
9.073442220687866211e-01
9.073257446289062500e-01
9.073182344436645508e-01
9.073178172111511230e-01
9.073231220245361328e-01
9.073330163955688477e-01
9.073496460914611816e-01
9.073707461357116699e-01
9.074006676673889160e-01
9.074534177780151367e-01
9.075206518173217773e-01
9.075760245323181152e-01
9.076032638549804688e-01
9.076172709465026855e-01
9.076417088508605957e-01
9.076879024505615234e-01
9.077445268630981445e-01
9.077933430671691895e-01
9.078271389007568359e-01
9.078414440155029297e-01
9.078218340873718262e-01
9.077599048614501953e-01
9.076589941978454590e-01
9.075389504432678223e-01
9.074193239212036133e-01
9.073113799095153809e-01
9.072205424308776855e-01
9.071542620658874512e-01
9.071173071861267090e-01
9.071136713027954102e-01
9.071372151374816895e-01
9.071735143661499023e-01
9.072229266166687012e-01
9.072998166084289551e-01
9.074076414108276367e-01
9.075236320495605469e-01
9.076340794563293457e-01
9.077473878860473633e-01
9.078590869903564453e-01
9.079483151435852051e-01
9.079934954643249512e-01
9.079924821853637695e-01
9.079619050025939941e-01
9.079071879386901855e-01
9.078286290168762207e-01
9.077315926551818848e-01
9.076256155967712402e-01
9.075262546539306641e-01
9.074393510818481445e-01
9.073576331138610840e-01
9.072784185409545898e-01
9.072034358978271484e-01
9.071506261825561523e-01
9.071374535560607910e-01
9.071591496467590332e-01
9.071947932243347168e-01
9.072381258010864258e-01
9.072886109352111816e-01
9.073467254638671875e-01
9.074143171310424805e-01
9.074917435646057129e-01
9.075812697410583496e-01
9.076811075210571289e-01
9.077800512313842773e-01
